"Taxa","Group","RefInf","ID","BLUP","PEV","BLUE","Prediction"
"X2276","  1","1","  1",0.00948095439669114,0.00436490265996749,"9.32790379015349",9.33738474455018
"X2171","  2","1","  2",0.00967160862390674,0.00436503486115285,"9.32790379015349",9.3375753987774
"X7461","  3","1","  3",-0.00353810817460015,0.00432839384448549,"9.32790379015349",9.32436568197889
"X9312","  4","1","  4",0.00891405010094252,0.00460190430983169,"9.32790379015349",9.33681784025443
"X8424","  5","1","  5",0.000332124186852599,0.00421664443374292,"9.32790379015349",9.32823591434034
"X2016","  6","1","  6",0.00493531512388313,0.00435359828198818,"9.32790379015349",9.33283910527737
"X7354","  7","1","  7",0.00968975037198081,0.00423974084198969,"9.32790379015349",9.33759354052547
"X9509","  8","1","  8",0.0134384312735378,0.00419292656278893,"9.32790379015349",9.34134222142703
"X9569","  9","1","  9",0.00666040375671059,0.00425558300387436,"9.32790379015349",9.3345641939102
"X9819"," 10","1"," 10",0.015198577204066,0.00422232132470517,"9.32790379015349",9.34310236735756
"X9756"," 11","1"," 11",-0.0302913550983289,0.00396991955591353,"9.32790379015349",9.29761243505516
"X6148"," 12","1"," 12",-0.0103597377142107,0.00440155282162212,"9.32790379015349",9.31754405243928
"X9854"," 13","1"," 13",-0.0311486861942958,0.00396767342352644,"9.32790379015349",9.29675510395919
"X9596"," 14","1"," 14",-0.0304170799582879,0.00396318321553166,"9.32790379015349",9.2974867101952
"X9744"," 15","1"," 15",0.0224344381041715,0.00437419480354426,"9.32790379015349",9.35033822825766
"X9512"," 16","1"," 16",0.0222213205149265,0.00429559684149731,"9.32790379015349",9.35012511066842
"X5104"," 17","1"," 17",0.000880221569740261,0.00445274272026053,"9.32790379015349",9.32878401172323
"X9639"," 18","1"," 18",-0.0341057280464324,0.00418073799707059,"9.32790379015349",9.29379806210706
"X6154"," 19","1"," 19",0.00542948423803519,0.00431570788788615,"9.32790379015349",9.33333327439153
"X9861"," 20","1"," 20",-0.00934206373300394,0.00435240252022122,"9.32790379015349",9.31856172642049
"X7107"," 21","1"," 21",-0.00146593414930572,0.00445742121056728,"9.32790379015349",9.32643785600419
"X10023"," 22","1"," 22",-0.00506263309045141,0.00443239145331806,"9.32790379015349",9.32284115706304
"X9627"," 23","1"," 23",-0.00173446586754546,0.00444440287071772,"9.32790379015349",9.32616932428594
"X9721"," 24","1"," 24",0.00468229770087232,0.00454723242007747,"9.32790379015349",9.33258608785436
"X9832"," 25","1"," 25",0.00785820764827838,0.00460219484587564,"9.32790379015349",9.33576199780177
"X9649"," 26","1"," 26",-0.0301992281999488,0.00396546059259015,"9.32790379015349",9.29770456195354
"X9793"," 27","1"," 27",-0.0302509501861833,0.00395552245499498,"9.32790379015349",9.29765283996731
"X9616"," 28","1"," 28",-0.0187532705109644,0.00433502536874295,"9.32790379015349",9.30915051964253
"X9612"," 29","1"," 29",-0.0215993545739553,0.00425995429790804,"9.32790379015349",9.30630443557953
"X6108"," 30","1"," 30",0.0244138848972958,0.00430298182506236,"9.32790379015349",9.35231767505079
"X6137"," 31","1"," 31",0.00414297364508711,0.0043196368214076,"9.32790379015349",9.33204676379858
"X7717"," 32","1"," 32",-0.00233629165411647,0.00427729112383939,"9.32790379015349",9.32556749849937
"X9548"," 33","1"," 33",0.0083735176163689,0.00434608170468577,"9.32790379015349",9.33627730776986
"X9558"," 34","1"," 34",-0.0306261157817683,0.00396423212067408,"9.32790379015349",9.29727767437172
"X9726"," 35","1"," 35",-0.0301811285950193,0.00396486204384641,"9.32790379015349",9.29772266155847
"X6177"," 36","1"," 36",-0.000355499151821684,0.0044140219722524,"9.32790379015349",9.32754829100167
"X9693"," 37","1"," 37",0.0198573382583971,0.00422711004061862,"9.32790379015349",9.34776112841189
"X9792"," 38","1"," 38",-0.030326341908449,0.00396514081344651,"9.32790379015349",9.29757744824504
"X8290"," 39","1"," 39",-0.0206632593398756,0.00431758332084087,"9.32790379015349",9.30724053081362
"X9633"," 40","1"," 40",-0.025303207945448,0.00425387367383189,"9.32790379015349",9.30260058220804
"X8246"," 41","1"," 41",-0.00310224341735191,0.00431259275654714,"9.32790379015349",9.32480154673614
"X9903"," 42","1"," 42",-0.0301570225363189,0.00395519587669036,"9.32790379015349",9.29774676761717
"X6957"," 43","1"," 43",-0.0111302152983876,0.00430627401087246,"9.32790379015349",9.3167735748551
"X9669"," 44","1"," 44",-0.00295408713219189,0.00439003233761985,"9.32790379015349",9.3249497030213
"X9816"," 45","1"," 45",-0.0167484688189558,0.00431151172440893,"9.32790379015349",9.31115532133454
"X9655"," 46","1"," 46",-0.0144899796898665,0.00431080097598473,"9.32790379015349",9.31341381046362
"X9668"," 47","1"," 47",-0.0122960375257294,0.00426712108126016,"9.32790379015349",9.31560775262776
"X9841"," 48","1"," 48",-0.00633944672651684,0.0043901335393231,"9.32790379015349",9.32156434342697
"X9984"," 49","1"," 49",-0.00878645705438194,0.0042733496461756,"9.32790379015349",9.31911733309911
"X9714"," 50","1"," 50",0.0105894627937992,0.00435205598372352,"9.32790379015349",9.33849325294729
"X9918"," 51","1"," 51",-0.00475426016763437,0.00439810705834536,"9.32790379015349",9.32314952998586
"X9645"," 52","1"," 52",0.00151088628965829,0.00438040667530447,"9.32790379015349",9.32941467644315
"X9658"," 53","1"," 53",-0.0131231325687987,0.0042305972722379,"9.32790379015349",9.31478065758469
"X6989"," 54","1"," 54",-0.0131204089502803,0.00429803491641931,"9.32790379015349",9.31478338120321
"X2031"," 55","1"," 55",0.0154212983674913,0.00443840893560635,"9.32790379015349",9.34332508852098
"X9638"," 56","1"," 56",-0.0115943451121857,0.00432666306231468,"9.32790379015349",9.3163094450413
"X1890"," 57","1"," 57",-0.0085038113246317,0.00426050963133605,"9.32790379015349",9.31939997882886
"X9522"," 58","1"," 58",-0.00254289773351535,0.00429022099701892,"9.32790379015349",9.32536089241997
"X9895"," 59","1"," 59",0.0066613663166226,0.00434096223303035,"9.32790379015349",9.33456515647011
"X10014"," 60","1"," 60",-0.0119936984020877,0.00433000424722975,"9.32790379015349",9.3159100917514
"X9879"," 61","1"," 61",0.000507623730320195,0.00441406939120417,"9.32790379015349",9.32841141388381
"X9813"," 62","1"," 62",-0.00236697697075607,0.00433653317761373,"9.32790379015349",9.32553681318273
"X768"," 63","1"," 63",-0.00259991549510954,0.00429670770293702,"9.32790379015349",9.32530387465838
"X9858"," 64","1"," 64",-0.0221834079482883,0.0046476874482089,"9.32790379015349",9.3057203822052
"X9723"," 65","1"," 65",-0.011772829994105,0.00428714670908308,"9.32790379015349",9.31613096015939
"X9860"," 66","1"," 66",-0.00805486652048972,0.00442605325121061,"9.32790379015349",9.319848923633
"X7263"," 67","1"," 67",-0.0214839394396688,0.00434771813097707,"9.32790379015349",9.30641985071382
"X9647"," 68","1"," 68",-0.00548827569133563,0.00436943341230177,"9.32790379015349",9.32241551446215
"X9815"," 69","1"," 69",-0.00406600380545865,0.00434691461767033,"9.32790379015349",9.32383778634803
"X4779"," 70","1"," 70",-0.00959665852908857,0.00429871874943644,"9.32790379015349",9.3183071316244
"X6911"," 71","1"," 71",-0.0109655036396575,0.00472190315161908,"9.32790379015349",9.31693828651383
"X9941"," 72","1"," 72",-0.0115692737295453,0.0043271738355668,"9.32790379015349",9.31633451642394
"X9812"," 73","1"," 73",-0.00878633783683093,0.00428724068376584,"9.32790379015349",9.31911745231666
"X9738"," 74","1"," 74",-0.00348178429368643,0.0044101534129331,"9.32790379015349",9.3244220058598
"X7322"," 75","1"," 75",-0.00942717425008499,0.00467183304003384,"9.32790379015349",9.31847661590341
"X9850"," 76","1"," 76",-0.00184211498014939,0.00450990315802201,"9.32790379015349",9.32606167517334
"X9883"," 77","1"," 77",0.00598785043173541,0.00420710238812596,"9.32790379015349",9.33389164058523
"X9451"," 78","1"," 78",0.0189572507067602,0.00458367129721415,"9.32790379015349",9.34686104086025
"X8234"," 79","1"," 79",0.0127858306301113,0.0042295355730062,"9.32790379015349",9.3406896207836
"X9697"," 80","1"," 80",0.0126187816059247,0.00425126366074974,"9.32790379015349",9.34052257175941
"X9741"," 81","1"," 81",0.00867689244926059,0.00419180194282551,"9.32790379015349",9.33658068260275
"X9554"," 82","1"," 82",0.00870638834573332,0.00428595976569105,"9.32790379015349",9.33661017849922
"X7058"," 83","1"," 83",0.00480975187022325,0.00428042902785838,"9.32790379015349",9.33271354202371
"X5726"," 84","1"," 84",0.0104922379842824,0.00427265113252339,"9.32790379015349",9.33839602813777
"X6979"," 85","1"," 85",-0.00464947693777929,0.00431491552427473,"9.32790379015349",9.32325431321571
"X6218"," 86","1"," 86",0.00977052420632437,0.00423593686440166,"9.32790379015349",9.33767431435981
"X5486"," 87","1"," 87",0.0205018747215324,0.00424975002159306,"9.32790379015349",9.34840566487502
"X9531"," 88","1"," 88",0.00463572097895027,0.00466054226797586,"9.32790379015349",9.33253951113244
"X7094"," 89","1"," 89",0.0169608253899671,0.0047059295692686,"9.32790379015349",9.34486461554346
"X9642"," 90","1"," 90",-0.00517290104432405,0.00440304182738347,"9.32790379015349",9.32273088910917
"X7372"," 91","1"," 91",0.00766296762633041,0.00448218420203707,"9.32790379015349",9.33556675777982
"X7517"," 92","1"," 92",0.00328050613381587,0.00453395111077713,"9.32790379015349",9.33118429628731
"X9574"," 93","1"," 93",-0.00206527721414093,0.00449761303587038,"9.32790379015349",9.32583851293935
"X9776"," 94","1"," 94",0.00202326077016999,0.00435042131527025,"9.32790379015349",9.32992705092366
"X6097"," 95","1"," 95",0.00170175535599456,0.00465859554841913,"9.32790379015349",9.32960554550949
"X9552"," 96","1"," 96",0.00749415146310504,0.00470101192716045,"9.32790379015349",9.33539794161659
"X9825"," 97","1"," 97",0.0163171656767767,0.00438584517378932,"9.32790379015349",9.34422095583027
"X9409"," 98","1"," 98",0.00852485715167879,0.00447302173266178,"9.32790379015349",9.33642864730517
"X9988"," 99","1"," 99",0.0130616232574283,0.00446839739727255,"9.32790379015349",9.34096541341092
"X9518","100","1","100",0.0055698828685722,0.00442115867790817,"9.32790379015349",9.33347367302206
"X5210","101","1","101",0.0123806194097608,0.00438207549071447,"9.32790379015349",9.34028440956325
"X7424","102","1","102",0.00896611219289905,0.00436789386271782,"9.32790379015349",9.33686990234639
"X9785","103","1","103",0.0187876729230948,0.00444615901644565,"9.32790379015349",9.34669146307658
"X9684","104","1","104",0.0111276702831504,0.00443208125867116,"9.32790379015349",9.33903146043664
"X9075","105","1","105",0.0137173172656829,0.00448767449282438,"9.32790379015349",9.34162110741917
"X6268","106","1","106",0.00576328684700918,0.00451806239830021,"9.32790379015349",9.3336670770005
"X9622","107","1","107",0.00799954147100141,0.00452075973885363,"9.32790379015349",9.33590333162449
"X9891","108","1","108",0.0113208123565346,0.00442336895752492,"9.32790379015349",9.33922460251003
"X9544","109","1","109",0.00165507949873017,0.00454042621516097,"9.32790379015349",9.32955886965222
"X9521","110","1","110",0.00210404574753437,0.00454085819861005,"9.32790379015349",9.33000783590103
"X4958","111","1","111",0.00351973992624343,0.00453793707534324,"9.32790379015349",9.33142353007973
"X9958","112","1","112",0.00811809204117599,0.00470000341368346,"9.32790379015349",9.33602188219467
"X5822","113","1","113",0.0154517668103885,0.00461716716328311,"9.32790379015349",9.34335555696388
"X5349","114","1","114",0.0226792956944649,0.00461424013755465,"9.32790379015349",9.35058308584795
"X10006","115","1","115",0.00159562209090795,0.00450006187444133,"9.32790379015349",9.3294994122444
"X9722","116","1","116",-0.00601435875392974,0.00444437914674238,"9.32790379015349",9.32188943139956
"X9900","117","1","117",-0.000223835373986729,0.00445114989312612,"9.32790379015349",9.3276799547795
"X7102","118","1","118",0.0110139109856871,0.00445792676714274,"9.32790379015349",9.33891770113918
"X9796","119","1","119",0.00355170116152021,0.00446380047314512,"9.32790379015349",9.33145549131501
"X1872","120","1","120",0.016931360706433,0.00463999147801388,"9.32790379015349",9.34483515085992
"X5720","121","1","121",0.00964130999433976,0.00465186940597301,"9.32790379015349",9.33754510014783
"X9951","122","1","122",0.0186200667501071,0.00462074054556667,"9.32790379015349",9.3465238569036
"X5950","123","1","123",0.0123050383427301,0.00464287400285746,"9.32790379015349",9.34020882849622
"X6939","124","1","124",0.0137374182585943,0.00464341857885033,"9.32790379015349",9.34164120841209
"X9959","125","1","125",-0.0035229637360781,0.00456970584712032,"9.32790379015349",9.32438082641741
"X5779","126","1","126",-0.00227253035976807,0.00455052057988497,"9.32790379015349",9.32563125979372
"X9665","127","1","127",0.00792727508535413,0.00437369243800151,"9.32790379015349",9.33583106523884
"X9630","128","1","128",0.00522183916022498,0.0041981244257452,"9.32790379015349",9.33312562931371
"X428","129","1","129",0.0130968231482871,0.00425453520515359,"9.32790379015349",9.34100061330178
"X6163","130","1","130",0.0158591985156024,0.00424618497832486,"9.32790379015349",9.34376298866909
"X9901","131","1","131",0.0188904290072279,0.00433732202275564,"9.32790379015349",9.34679421916072
"X108","132","1","132",0.0165552686931647,0.00425650970584747,"9.32790379015349",9.34445905884665
"X6933","133","1","133",0.010781281491044,0.00432572993654732,"9.32790379015349",9.33868507164453
"X9556","134","1","134",-0.0141056855642965,0.00437760348844493,"9.32790379015349",9.31379810458919
"X9878","135","1","135",0.0239784858757822,0.0043317123658223,"9.32790379015349",9.35188227602927
"X10013","136","1","136",0.012931775554094,0.00459467221227279,"9.32790379015349",9.34083556570758
"X350","137","1","137",0.00346475609958261,0.00450961993400173,"9.32790379015349",9.33136854625307
"X6195","138","1","138",0.00639105896858637,0.0043217867423991,"9.32790379015349",9.33429484912208
"X9729","139","1","139",0.000434346348923182,0.00432082610699615,"9.32790379015349",9.32833813650241
"X9906","140","1","140",0.00140164375154027,0.00491007119416994,"9.32790379015349",9.32930543390503
"X9981","141","1","141",0.00934644453410146,0.00462153394001471,"9.32790379015349",9.33725023468759
"X10020","142","1","142",-0.0138606231650871,0.00435835334426248,"9.32790379015349",9.3140431669884
"X2202","143","1","143",-0.00658495986396839,0.00440177434846964,"9.32790379015349",9.32131883028952
"X9979","144","1","144",-0.00740444474673552,0.00444051641061752,"9.32790379015349",9.32049934540676
"X5577","145","1","145",-0.0136593537976543,0.00435979860043732,"9.32790379015349",9.31424443635584
"X9736","146","1","146",0.0130362635037921,0.00426319983497819,"9.32790379015349",9.34094005365728
"X9779","147","1","147",-0.010581804161726,0.00439361873570913,"9.32790379015349",9.31732198599176
"X630","148","1","148",-0.00503572493265474,0.00431546938367836,"9.32790379015349",9.32286806522083
"X7373","149","1","149",-0.0117010686072933,0.00443646478885609,"9.32790379015349",9.3162027215462
"X9874","150","1","150",-0.0152199797661244,0.00443431175015262,"9.32790379015349",9.31268381038737
"X932","151","1","151",-0.00319404403867801,0.00448475707263993,"9.32790379015349",9.32470974611481
"X9862","152","1","152",0.011165729951549,0.00443068595458359,"9.32790379015349",9.33906952010504
"X6974","153","1","153",0.0185941718191601,0.0042881408797734,"9.32790379015349",9.34649796197265
"X4939","154","1","154",0.00488825552598924,0.00424377756009708,"9.32790379015349",9.33279204567948
"X6944","155","1","155",-0.0133442854236283,0.00443889804971792,"9.32790379015349",9.31455950472986
"X9584","156","1","156",-0.00695652157552087,0.00431524639981897,"9.32790379015349",9.32094726857797
"X9579","157","1","157",0.00673986062278003,0.00443848783282334,"9.32790379015349",9.33464365077627
"X9771","158","1","158",0.00355911674796489,0.00438098594025539,"9.32790379015349",9.33146290690146
"X2212","159","1","159",-0.0295793216237237,0.00398275488409315,"9.32790379015349",9.29832446852977
"X9830","160","1","160",-0.0215921039296937,0.00462866740691462,"9.32790379015349",9.3063116862238
"X9530","161","1","161",-0.00666361079511501,0.00429747914523318,"9.32790379015349",9.32124017935837
"X9720","162","1","162",0.00032060232839937,0.00431980593909973,"9.32790379015349",9.32822439248189
"X9772","163","1","163",0.00156513560340211,0.0044168823871208,"9.32790379015349",9.32946892575689
"X7161","164","1","164",0.0117132365960977,0.00423085072036143,"9.32790379015349",9.33961702674959
"X9532","165","1","165",-0.00643338796672085,0.00424145466421059,"9.32790379015349",9.32147040218677
"X9871","166","1","166",-0.00224843154559233,0.00426056308950719,"9.32790379015349",9.3256553586079
"X6064","167","1","167",-0.012555156122614,0.00451429410600109,"9.32790379015349",9.31534863403088
"X9503","168","1","168",-0.0019055126154136,0.00434960707973401,"9.32790379015349",9.32599827753808
"X9681","169","1","169",-0.0038736776126891,0.0042303765887179,"9.32790379015349",9.3240301125408
"X5717","170","1","170",0.0132358155002001,0.00447278631330859,"9.32790379015349",9.34113960565369
"X9659","171","1","171",-0.00483894164274843,0.00449787670085988,"9.32790379015349",9.32306484851074
"X6992","172","1","172",-0.0155429124121437,0.00441890143135165,"9.32790379015349",9.31236087774135
"X9838","173","1","173",0.0233534350469209,0.0043691950721732,"9.32790379015349",9.35125722520041
"X10011","174","1","174",0.00815408115596828,0.00437428632930481,"9.32790379015349",9.33605787130946
"X9732","175","1","175",0.00173621637409281,0.00438948783713458,"9.32790379015349",9.32964000652758
"X9768","176","1","176",-0.000700563614494422,0.00440871705386666,"9.32790379015349",9.327203226539
"X9824","177","1","177",-0.00618643925640001,0.00449085372513167,"9.32790379015349",9.32171735089709
"X9804","178","1","178",-0.0307919020191866,0.00394928374214221,"9.32790379015349",9.2971118881343
"X9833","179","1","179",0.0128762171120298,0.00433561078556168,"9.32790379015349",9.34078000726552
"X6240","180","1","180",-4.17418444196484e-05,0.00440414085354069,"9.32790379015349",9.32786204830907
"X9991","181","1","181",-0.00088148191875841,0.00434433831214479,"9.32790379015349",9.32702230823473
"X7165","182","1","182",0.0111803885289908,0.00432497389738581,"9.32790379015349",9.33908417868248
"X6971","183","1","183",-0.00324562770409676,0.00446876073282884,"9.32790379015349",9.32465816244939
"X9719","184","1","184",-0.00697271630637566,0.00428958893857817,"9.32790379015349",9.32093107384711
"X9594","185","1","185",1.8025130054623e-06,0.00430384284324745,"9.32790379015349",9.32790559266649
"X9730","186","1","186",-0.0153531660376968,0.00446683461433544,"9.32790379015349",9.31255062411579
"X424","187","1","187",-0.00883182419717242,0.0045071452416725,"9.32790379015349",9.31907196595632
"X10008","188","1","188",0.00317134180857845,0.00435762207718274,"9.32790379015349",9.33107513196207
"X9590","189","1","189",0.00710066026670058,0.00425500498852425,"9.32790379015349",9.33500445042019
"X9924","190","1","190",-0.00277016111482624,0.00451986042265077,"9.32790379015349",9.32513362903866
"X9939","191","1","191",0.00326904212821853,0.0043585350474641,"9.32790379015349",9.33117283228171
"X9920","192","1","192",0.00130880653352713,0.0042812862860803,"9.32790379015349",9.32921259668702
"X8264","193","1","193",0.00189408570633636,0.00434815409362091,"9.32790379015349",9.32979787585983
"X8365","194","1","194",-0.0308676950437003,0.00395224333905614,"9.32790379015349",9.29703609510979
"X9754","195","1","195",-0.00361852863468415,0.0045176071099553,"9.32790379015349",9.32428526151881
"X7330","196","1","196",0.0123495577516555,0.00437817600391967,"9.32790379015349",9.34025334790515
"X9298","197","1","197",-0.000878815459087193,0.00442346486023301,"9.32790379015349",9.3270249746944
"X9534","198","1","198",0.022507873441053,0.00446947305543857,"9.32790379015349",9.35041166359454
"X9849","199","1","199",0.010740846922743,0.00423695037300982,"9.32790379015349",9.33864463707623
"X4807","200","1","200",0.0110264106796269,0.00433823364795332,"9.32790379015349",9.33893020083312
"X6909","201","1","201",0.0207452760181954,0.00428020220720688,"9.32790379015349",9.34864906617169
"X7917","202","1","202",0.0137933211039814,0.00448099939360806,"9.32790379015349",9.34169711125747
"X6255","203","1","203",-0.0149070296300743,0.00427519278130552,"9.32790379015349",9.31299676052342
"X9314","204","1","204",-0.0302158567729452,0.00398272744378816,"9.32790379015349",9.29768793338054
"X9629","205","1","205",-0.00788561666113365,0.00452531440600204,"9.32790379015349",9.32001817349236
"X9673","206","1","206",0.00893046836547486,0.00430664619664898,"9.32790379015349",9.33683425851897
"X8238","207","1","207",-0.00798861317073997,0.00435034491461412,"9.32790379015349",9.31991517698275
"X9710","208","1","208",-0.00936060061507925,0.00440296117782841,"9.32790379015349",9.31854318953841
"X6906","209","1","209",-0.00600176116412663,0.00433337247463828,"9.32790379015349",9.32190202898936
"X9513","210","1","210",-0.0185203826150203,0.00431227969129665,"9.32790379015349",9.30938340753847
"X9963","211","1","211",0.00638715523479154,0.00451276054218867,"9.32790379015349",9.33429094538828
"X6086","212","1","212",-0.0300838240328027,0.00398409006402684,"9.32790379015349",9.29781996612069
"X7169","213","1","213",0.00995888670580664,0.00437996263330676,"9.32790379015349",9.3378626768593
"X9607","214","1","214",0.0111578212136003,0.00430016686700546,"9.32790379015349",9.33906161136709
"X9733","215","1","215",0.00465575140310744,0.00430359098430846,"9.32790379015349",9.3325595415566
"X6020","216","1","216",-0.000270215048376703,0.00431263697400232,"9.32790379015349",9.32763357510511
"X7103","217","1","217",-0.00898465811841805,0.00440418678615566,"9.32790379015349",9.31891913203507
"X9637","218","1","218",-0.0142471438322134,0.00435227829944115,"9.32790379015349",9.31365664632128
"X9749","219","1","219",-0.0149342147563558,0.00433955845925105,"9.32790379015349",9.31296957539714
"X9560","220","1","220",0.00012604098115379,0.00443248523930672,"9.32790379015349",9.32802983113464
"X9964","221","1","221",0.00585111007454375,0.00457333519398646,"9.32790379015349",9.33375490022803
"X9845","222","1","222",-0.0106928225346541,0.00448332325264469,"9.32790379015349",9.31721096761884
"X7250","223","1","223",0.0120492761535752,0.00415078075046085,"9.32790379015349",9.33995306630707
"X7377","224","1","224",-0.00692743395505323,0.00430432560431616,"9.32790379015349",9.32097635619844
"X9843","225","1","225",-0.000876735623707828,0.00435184485130706,"9.32790379015349",9.32702705452978
"X1684","226","1","226",0.0130296063305751,0.00445114860222374,"9.32790379015349",9.34093339648406
"X9690","227","1","227",-0.0132682987971987,0.00418858565352649,"9.32790379015349",9.31463549135629
"X9735","228","1","228",-0.00193834156374624,0.00434416739904397,"9.32790379015349",9.32596544858974
"X9705","229","1","229",-0.00224151970326478,0.00463219184593587,"9.32790379015349",9.32566227045023
"X6024","230","1","230",-0.0165447640704819,0.00448042566527903,"9.32790379015349",9.31135902608301
"X9855","231","1","231",0.00680052090183642,0.0043059601985045,"9.32790379015349",9.33470431105533
"X9867","232","1","232",-0.00182816346900364,0.0043935609840621,"9.32790379015349",9.32607562668449
"X9946","233","1","233",0.0138142056783841,0.00425384002504193,"9.32790379015349",9.34171799583187
"X9553","234","1","234",0.0230545312842351,0.00437791618704194,"9.32790379015349",9.35095832143772
"X7477","235","1","235",0.0223212081778741,0.00445733964012797,"9.32790379015349",9.35022499833137
"X9995","236","1","236",0.00779746663352471,0.00422493894796136,"9.32790379015349",9.33570125678702
"X9795","237","1","237",0.00838018037441612,0.00425354370622051,"9.32790379015349",9.33628397052791
"X10002","238","1","238",0.0092686512491415,0.0043109523969736,"9.32790379015349",9.33717244140263
"X5907","239","1","239",0.0121541226754203,0.00424883185425306,"9.32790379015349",9.34005791282891
"X1002","240","1","240",0.00847491666318956,0.00421786132512843,"9.32790379015349",9.33637870681668
"X6943","241","1","241",0.0135107439640066,0.00424720284756536,"9.32790379015349",9.3414145341175
"X9784","242","1","242",0.0132719337810509,0.00423747286932438,"9.32790379015349",9.34117572393454
"X9759","243","1","243",0.00604077380528494,0.00419588990868938,"9.32790379015349",9.33394456395878
"X9578","244","1","244",0.0119807670040923,0.0042664159653361,"9.32790379015349",9.33988455715758
"X9078","245","1","245",0.0176002156938873,0.00430400174322453,"9.32790379015349",9.34550400584738
"X8428","246","1","246",0.0131195711842065,0.00422893120304016,"9.32790379015349",9.3410233613377
"X9888","247","1","247",0.0155391947740625,0.00417218013585466,"9.32790379015349",9.34344298492755
"X6445","248","1","248",0.0155273884170088,0.00423449714588518,"9.32790379015349",9.3434311785705
"X9608","249","1","249",0.0101081233828674,0.00427426078503587,"9.32790379015349",9.33801191353636
"X9870","250","1","250",0.0131653384116701,0.00423065433528175,"9.32790379015349",9.34106912856516
"X9909","251","1","251",0.0152358878524225,0.00415195971339117,"9.32790379015349",9.34313967800591
"X7244","252","1","252",0.0216520948666042,0.00422495213397163,"9.32790379015349",9.3495558850201
"X9827","253","1","253",0.00904718478665044,0.00425334441672244,"9.32790379015349",9.33695097494014
"X8235","254","1","254",0.0183679860546076,0.00416580495349134,"9.32790379015349",9.3462717762081
"X9095","255","1","255",0.0146873888470446,0.00418147972590737,"9.32790379015349",9.34259117900053
"X9105","256","1","256",0.0150629640835432,0.00417176888070739,"9.32790379015349",9.34296675423703
"X9786","257","1","257",-0.00081790578424473,0.00441672326009044,"9.32790379015349",9.32708588436924
"X9737","258","1","258",0.0275274724903922,0.00433744961686777,"9.32790379015349",9.35543126264388
"X5644","259","1","259",0.0330765286633647,0.00423997056065894,"9.32790379015349",9.36098031881686
"X7218","260","1","260",0.0335799488014443,0.00422957678683445,"9.32790379015349",9.36148373895493
"X5395","261","1","261",0.0358579051234469,0.00423470314942882,"9.32790379015349",9.36376169527694
"X9698","262","1","262",0.0284705799855443,0.00422388543923211,"9.32790379015349",9.35637437013903
"X8353","263","1","263",0.0289711744061984,0.00423041758575698,"9.32790379015349",9.35687496455969
"X6744","264","1","264",-0.0180646235911265,0.00428021292952362,"9.32790379015349",9.30983916656236
"X8247","265","1","265",0.00720777728125393,0.00431221239477453,"9.32790379015349",9.33511156743474
"X9666","266","1","266",-0.00631077143843015,0.00426598771214498,"9.32790379015349",9.32159301871506
"X6830","267","1","267",0.00871511280898079,0.00465933077061585,"9.32790379015349",9.33661890296247
"X6284","268","1","268",0.0146853999863831,0.0046366545109848,"9.32790379015349",9.34258919013987
"X9985","269","1","269",0.0161158628852603,0.00466274013811,"9.32790379015349",9.34401965303875
"X6171","270","1","270",0.00930625824958886,0.00450926648937823,"9.32790379015349",9.33721004840308
"X9957","271","1","271",0.010722816125064,0.00448811813891937,"9.32790379015349",9.33862660627855
"X265","272","1","272",0.00578811370596989,0.00443223294874099,"9.32790379015349",9.33369190385946
"X1158","273","1","273",-0.00260563323019974,0.00442109173306974,"9.32790379015349",9.32529815692329
"X7111","274","1","274",0.0114578723142515,0.00441723394366614,"9.32790379015349",9.33936166246774
"X7355","275","1","275",0.00478250793425104,0.0046597946427988,"9.32790379015349",9.33268629808774
"X9111","276","1","276",-9.86847811695201e-05,0.00443483759394037,"9.32790379015349",9.32780510537232
"X4884","277","1","277",-0.00345867728779902,0.00439740599616598,"9.32790379015349",9.32444511286569
"X9549","278","1","278",-0.0215192844947304,0.00446800866679942,"9.32790379015349",9.30638450565876
"X6169","279","1","279",-0.0147205149390565,0.0041417468298985,"9.32790379015349",9.31318327521443
"X9682","280","1","280",-0.0211103164133388,0.00459525485369845,"9.32790379015349",9.30679347374015
"X7288","281","1","281",-0.0237180516678791,0.00453231492325605,"9.32790379015349",9.30418573848561
"X2370","282","1","282",-0.0121946268713963,0.00441504239356275,"9.32790379015349",9.31570916328209
"X8275","283","1","283",-0.0251856510823633,0.00439708609360461,"9.32790379015349",9.30271813907113
"X9882","284","1","284",-0.0150629595593583,0.00441482925456395,"9.32790379015349",9.31284083059413
"X9831","285","1","285",-0.0151981098442465,0.00456852290732545,"9.32790379015349",9.31270568030924
"X6900","286","1","286",-0.00941807345908851,0.00436075234091789,"9.32790379015349",9.3184857166944
"X7202","287","1","287",-0.0279485812532534,0.00434781449088178,"9.32790379015349",9.29995520890024
"X6390","288","1","288",-0.0225069058664489,0.00434426134800196,"9.32790379015349",9.30539688428704
"X6107","289","1","289",-0.0179595436947228,0.00495008778109009,"9.32790379015349",9.30994424645877
"X9514","290","1","290",-0.0110457496342339,0.00439699195245148,"9.32790379015349",9.31685804051926
"X9826","291","1","291",-0.01628288143072,0.00441005462270948,"9.32790379015349",9.31162090872277
"X7282","292","1","292",-0.0162020985745595,0.00450244809805701,"9.32790379015349",9.31170169157893
"X6198","293","1","293",-0.0201400856252985,0.00425341868183099,"9.32790379015349",9.30776370452819
"X9533","294","1","294",-0.011103498512074,0.00436225671691753,"9.32790379015349",9.31680029164142
"X9881","295","1","295",-0.0119548048374382,0.00468723764548909,"9.32790379015349",9.31594898531605
"X6923","296","1","296",-0.0122193229191252,0.0046897082091147,"9.32790379015349",9.31568446723437
"X6106","297","1","297",-0.01814978817252,0.00449091232118331,"9.32790379015349",9.30975400198097
"X9803","298","1","298",-0.0160306947170715,0.00447264280448537,"9.32790379015349",9.31187309543642
"X9517","299","1","299",-0.0122007399902279,0.00453016591816194,"9.32790379015349",9.31570305016326
"X9114","300","1","300",-0.0122669728751772,0.00459523280753538,"9.32790379015349",9.31563681727831
"X997","301","1","301",-0.0240483058838174,0.00457856016957072,"9.32790379015349",9.30385548426967
"X2317","302","1","302",-0.00576184734140093,0.00438291291942671,"9.32790379015349",9.32214194281209
"X9748","303","1","303",-0.0164766764721971,0.00501890351018314,"9.32790379015349",9.31142711368129
"X9894","304","1","304",-0.0236567595317049,0.00451674241586257,"9.32790379015349",9.30424703062179
"X9983","305","1","305",-0.0155903329701006,0.00478657064048003,"9.32790379015349",9.31231345718339
"X9706","306","1","306",-0.0147589786107216,0.00437415282642829,"9.32790379015349",9.31314481154277
"X9885","307","1","307",-0.0161006370877258,0.00443212903190835,"9.32790379015349",9.31180315306576
"X7384","308","1","308",-0.0197898548725031,0.00434171108978337,"9.32790379015349",9.30811393528099
"X5800","309","1","309",-0.00633692893502462,0.00505507491454258,"9.32790379015349",9.32156686121847
"X9806","310","1","310",-0.0201778111161173,0.00494698655500204,"9.32790379015349",9.30772597903737
"X9966","311","1","311",-0.00623872438614477,0.00433565275044715,"9.32790379015349",9.32166506576734
"X9433","312","1","312",-0.0188103705469624,0.00496395502256437,"9.32790379015349",9.30909341960653
"X5798","313","1","313",-0.0151966290103514,0.00465302973741359,"9.32790379015349",9.31270716114314
"X8334","314","1","314",-0.0105859352311398,0.00448199460324452,"9.32790379015349",9.31731785492235
"X9976","315","1","315",-0.0115048233064125,0.00454483241203004,"9.32790379015349",9.31639896684708
"X9892","316","1","316",-0.0199829832580035,0.00499804008495726,"9.32790379015349",9.30792080689549
"X9640","317","1","317",-0.00966756255293258,0.00475262743842359,"9.32790379015349",9.31823622760056
"X9121","318","1","318",-0.00521907878584651,0.004387491931486,"9.32790379015349",9.32268471136764
"X9947","319","1","319",-0.0124831800375159,0.00455305062763639,"9.32790379015349",9.31542061011598
"X7186","320","1","320",-0.0243594243422608,0.00453996305714467,"9.32790379015349",9.30354436581123
"X9728","321","1","321",-0.0191497298817595,0.00499313185909459,"9.32790379015349",9.30875406027173
"X9823","322","1","322",-0.0288013311553051,0.00457503649512176,"9.32790379015349",9.29910245899818
"X8325","323","1","323",-0.0159528210894537,0.00478371784712455,"9.32790379015349",9.31195096906404
"X1435","324","1","324",-0.00989067437758245,0.0043959997249954,"9.32790379015349",9.31801311577591
"X2278","325","1","325",-0.00124985977282284,0.00448968302882963,"9.32790379015349",9.32665393038067
"X9624","326","1","326",-0.0289100421281111,0.00431399680250859,"9.32790379015349",9.29899374802538
"X6908","327","1","327",-0.00393772876711981,0.00437874630988672,"9.32790379015349",9.32396606138637
"X9875","328","1","328",-0.0303116775594631,0.00468754305888605,"9.32790379015349",9.29759211259403
"X9814","329","1","329",-0.0203201359979602,0.0047894047861828,"9.32790379015349",9.30758365415553
"X5831","330","1","330",-0.00114058582629613,0.00446342719592334,"9.32790379015349",9.32676320432719
"X9519","331","1","331",-0.0237645097208828,0.00474705221770286,"9.32790379015349",9.30413928043261
"X9683","332","1","332",-0.0233171272368716,0.0047580935021017,"9.32790379015349",9.30458666291662
"X7164","333","1","333",-0.0201590633507764,0.00426178235888766,"9.32790379015349",9.30774472680271
"X9800","334","1","334",-0.00974613802719342,0.00449783818557663,"9.32790379015349",9.3181576521263
"X9619","335","1","335",-0.0258955329346711,0.00460370189660711,"9.32790379015349",9.30200825721882
"X9525","336","1","336",-0.020113889372548,0.00444694895558862,"9.32790379015349",9.30778990078094
"X8357","337","1","337",-0.0248790058167265,0.00478627237301223,"9.32790379015349",9.30302478433676
"X9102","338","1","338",-0.0132429879877451,0.00436103460950946,"9.32790379015349",9.31466080216575
"X9805","339","1","339",-0.0141434869767217,0.00449722103901056,"9.32790379015349",9.31376030317677
"X7327","340","1","340",-0.0108272115007421,0.00435418441273122,"9.32790379015349",9.31707657865275
"X7353","341","1","341",-0.0173145496280457,0.00478062897979831,"9.32790379015349",9.31058924052545
"X5741","342","1","342",-0.00573257532213323,0.00491676252623473,"9.32790379015349",9.32217121483136
"X9970","343","1","343",-0.00271424423664978,0.00430654886818412,"9.32790379015349",9.32518954591684
"X10012","344","1","344",-0.0089286109433988,0.00440936844081271,"9.32790379015349",9.31897517921009
"X7328","345","1","345",-0.0244630375486332,0.00455614211526878,"9.32790379015349",9.30344075260486
"X9103","346","1","346",-0.0154088295153277,0.00442142144923802,"9.32790379015349",9.31249496063816
"X9653","347","1","347",-0.0246901982762949,0.00486516537830015,"9.32790379015349",9.3032135918772
"X9511","348","1","348",-0.0133854391250339,0.00436418968104016,"9.32790379015349",9.31451835102846
"X9615","349","1","349",-0.00886214268710617,0.00445292713123745,"9.32790379015349",9.31904164746638
"X5276","350","1","350",-0.00642293307104912,0.00429695028719997,"9.32790379015349",9.32148085708244
"X8244","351","1","351",-0.0154277288201215,0.00481612037694761,"9.32790379015349",9.31247606133337
"X9600","352","1","352",-0.0290676635785107,0.00484853875695741,"9.32790379015349",9.29883612657498
"X9731","353","1","353",-0.0171253175889123,0.00445765479756065,"9.32790379015349",9.31077847256458
"X6937","354","1","354",-0.0251200166729571,0.00437271736097373,"9.32790379015349",9.30278377348053
"X6203","355","1","355",0.00211946003500025,0.00446784890747051,"9.32790379015349",9.33002325018849
"X6166","356","1","356",-0.0194184218639656,0.00496269979365655,"9.32790379015349",9.30848536828952
"X9828","357","1","357",-0.00647814739240848,0.00434562780351199,"9.32790379015349",9.32142564276108
"X9780","358","1","358",-0.0206292110403542,0.00499376989376873,"9.32790379015349",9.30727457911314
"X9421","359","1","359",-0.0167006570466466,0.00443123583934515,"9.32790379015349",9.31120313310684
"X9613","360","1","360",-0.0259825974295732,0.00445393356457459,"9.32790379015349",9.30192119272392
"X9927","361","1","361",0.00619850065940149,0.00458312151582558,"9.32790379015349",9.33410229081289
"X10009","362","1","362",0.0301150828515068,0.00434624571551478,"9.32790379015349",9.358018873005
"X9081","363","1","363",0.0361368020760655,0.00427494876072813,"9.32790379015349",9.36404059222956
"X9133","364","1","364",0.0309850363618991,0.00434712642967123,"9.32790379015349",9.35888882651539
"X6217","365","1","365",0.0313571627658346,0.00434990783906748,"9.32790379015349",9.35926095291932
"X9648","366","1","366",0.0315167173686648,0.00434582456008644,"9.32790379015349",9.35942050752216
"X9559","367","1","367",0.0270583077727205,0.00436843964058892,"9.32790379015349",9.35496209792621
"X9707","368","1","368",0.00132665012197407,0.00421825895151147,"9.32790379015349",9.32923044027546
"X9807","369","1","369",0.0354436265852136,0.00434949088511271,"9.32790379015349",9.3633474167387
"X6220","370","1","370",0.036644601256944,0.00434322766447282,"9.32790379015349",9.36454839141043
"X9321","371","1","371",0.0299822778010398,0.00434664007920126,"9.32790379015349",9.35788606795453
"X7013","372","1","372",0.0295764956362545,0.00425882548115584,"9.32790379015349",9.35748028578974
"X8259","373","1","373",0.0282408041774686,0.00422539043279783,"9.32790379015349",9.35614459433096
"X9948","374","1","374",0.0284919671928823,0.00424130347924199,"9.32790379015349",9.35639575734637
"X9775","375","1","375",0.022002973259377,0.00428456854131461,"9.32790379015349",9.34990676341287
"X5921","376","1","376",0.023387172976194,0.00417227512186147,"9.32790379015349",9.35129096312968
"X159","377","1","377",0.0256148634759627,0.00427472708199149,"9.32790379015349",9.35351865362945
"X6145","378","1","378",0.025877806857583,0.0042658193175518,"9.32790379015349",9.35378159701107
"X9610","379","1","379",0.0253511577331249,0.0042724263791112,"9.32790379015349",9.35325494788662
"X9621","380","1","380",0.0204755060710806,0.00424010853319569,"9.32790379015349",9.34837929622457
"X8419","381","1","381",0.0269374668076371,0.00426603567217154,"9.32790379015349",9.35484125696113
"X9631","382","1","382",0.0253424694040579,0.00424960023082665,"9.32790379015349",9.35324625955755
"X9998","383","1","383",0.0261213470277899,0.0042993098307289,"9.32790379015349",9.35402513718128
"X763","384","1","384",0.0291096201363541,0.00422933953624294,"9.32790379015349",9.35701341028985
"X9520","385","1","385",0.0239841400596062,0.00418765122313111,"9.32790379015349",9.3518879302131
"X9527","386","1","386",0.0250713450467334,0.00431047741041219,"9.32790379015349",9.35297513520022
"X9876","387","1","387",0.024584275818501,0.00423787329510394,"9.32790379015349",9.35248806597199
"X9591","388","1","388",0.0239338373177452,0.00424199866401463,"9.32790379015349",9.35183762747124
"X8351","389","1","389",0.0219553908721161,0.0042272053434107,"9.32790379015349",9.34985918102561
"X7248","390","1","390",0.0246308693109619,0.00426453469595493,"9.32790379015349",9.35253465946445
"X6025","391","1","391",0.0243299186455846,0.00427509585351453,"9.32790379015349",9.35223370879907
"X8231","392","1","392",0.0200630527974393,0.00416679460519704,"9.32790379015349",9.34796684295093
"X5023","393","1","393",0.0115362277195183,0.00422044041947065,"9.32790379015349",9.33944001787301
"X9565","394","1","394",0.00784603353534645,0.00421254203580167,"9.32790379015349",9.33574982368884
"X9755","395","1","395",-0.00156751694919162,0.00421068934477391,"9.32790379015349",9.3263362732043
"X9877","396","1","396",0.0080109270805629,0.00412967538218466,"9.32790379015349",9.33591471723405
"X9661","397","1","397",-0.00520223810706358,0.00415299827451636,"9.32790379015349",9.32270155204643
"X9100","398","1","398",-0.0047602575158493,0.00415735658334452,"9.32790379015349",9.32314353263764
"X7418","399","1","399",0.00240971816311592,0.00422375620245723,"9.32790379015349",9.33031350831661
"X9581","400","1","400",-0.00122656523838014,0.00413871262857865,"9.32790379015349",9.32667722491511
"X4826","401","1","401",-0.00244138091971463,0.00412672669529386,"9.32790379015349",9.32546240923378
"X9663","402","1","402",0.00389103144762036,0.00412858868851047,"9.32790379015349",9.33179482160111
"X1317","403","1","403",-0.00748077088883084,0.00422012822417644,"9.32790379015349",9.32042301926466
"X9680","404","1","404",-0.00104207617306501,0.00419941977095136,"9.32790379015349",9.32686171398043
"X9727","405","1","405",-0.00132846955244444,0.00421205398158015,"9.32790379015349",9.32657532060105
"X9990","406","1","406",0.0111918390858613,0.00415933896657726,"9.32790379015349",9.33909562923935
"X9573","407","1","407",-0.00378371705338009,0.00430022887417284,"9.32790379015349",9.32412007310011
"X7320","408","1","408",0.00563715214095135,0.00427845302343575,"9.32790379015349",9.33354094229444
"X9557","409","1","409",0.00655344833361764,0.00414538455251779,"9.32790379015349",9.33445723848711
"X9617","410","1","410",0.00348629539089888,0.00431095124637588,"9.32790379015349",9.33139008554439
"X9778","411","1","411",0.013544910186185,0.00439354258677607,"9.32790379015349",9.34144870033968
"X9790","412","1","412",0.0127385350526106,0.00431814977070109,"9.32790379015349",9.3406423252061
"X6138","413","1","413",0.0257688959880514,0.00416533080170509,"9.32790379015349",9.35367268614154
"X9404","414","1","414",0.0259598882531816,0.00416239910265656,"9.32790379015349",9.35386367840667
"X7404","415","1","415",0.0251225886319913,0.00415216001649088,"9.32790379015349",9.35302637878548
"X9846","416","1","416",0.0252598239563199,0.00415745401159551,"9.32790379015349",9.35316361410981
"X6966","417","1","417",0.0257610675979589,0.00416785407250216,"9.32790379015349",9.35366485775145
"X410","418","1","418",0.0127048701968523,0.00431424363124751,"9.32790379015349",9.34060866035034
"X9606","419","1","419",0.00999580362328896,0.00428226317450553,"9.32790379015349",9.33789959377678
"X9611","420","1","420",0.00924722282391054,0.00431420152680775,"9.32790379015349",9.3371510129774
"X9562","421","1","421",0.00538154670859889,0.00430487584815695,"9.32790379015349",9.33328533686209
"X9942","422","1","422",0.011547586033485,0.00416601658268447,"9.32790379015349",9.33945137618698
"X5984","423","1","423",0.00569699380728526,0.00415378612014041,"9.32790379015349",9.33360078396078
"X870","424","1","424",0.01244436827184,0.00411644962391105,"9.32790379015349",9.34034815842533
"X9564","425","1","425",0.0159226680581067,0.00426531318863708,"9.32790379015349",9.3438264582116
"X9597","426","1","426",0.000935836541031901,0.00416969534744827,"9.32790379015349",9.32883962669452
"X9526","427","1","427",0.00840315329009792,0.0041932986916886,"9.32790379015349",9.33630694344359
"X7231","428","1","428",0.0143785309603898,0.00424985145104268,"9.32790379015349",9.34228232111388
"X6111","429","1","429",0.0063106529813221,0.00419187714074784,"9.32790379015349",9.33421444313481
"X10017","430","1","430",0.00862487219153146,0.00426383644591692,"9.32790379015349",9.33652866234502
"X9644","431","1","431",0.00255909166967244,0.00437000201972001,"9.32790379015349",9.33046288182316
"X9933","432","1","432",0.0147315213849636,0.00419829160481238,"9.32790379015349",9.34263531153845
"X8266","433","1","433",0.0114434905039587,0.00416837838204529,"9.32790379015349",9.33934728065745
"X728","434","1","434",0.0235960725118976,0.00426870568088329,"9.32790379015349",9.35149986266539
"X9099","435","1","435",0.00888669357373099,0.00412431034488656,"9.32790379015349",9.33679048372722
"X1066","436","1","436",0.0137369202588738,0.00416023432202379,"9.32790379015349",9.34164071041236
"X9844","437","1","437",0.000801597099403204,0.00420249214814528,"9.32790379015349",9.32870538725289
"X9969","438","1","438",0.00933912238063953,0.00426936349229321,"9.32790379015349",9.33724291253413
"X9960","439","1","439",0.00585942541597901,0.00409641749752426,"9.32790379015349",9.33376321556947
"X9868","440","1","440",0.00907724075225951,0.00422418711703694,"9.32790379015349",9.33698103090575
"X6241","441","1","441",0.00153598396701031,0.00421608001324161,"9.32790379015349",9.3294397741205
"X9541","442","1","442",0.00353182518095404,0.00435349223766149,"9.32790379015349",9.33143561533444
"X9769","443","1","443",0.0203035342821152,0.00425380685236537,"9.32790379015349",9.34820732443561
"X9965","444","1","444",0.00636379459762608,0.00413933208889933,"9.32790379015349",9.33426758475112
"X9508","445","1","445",-0.00179465125664547,0.00417986208335895,"9.32790379015349",9.32610913889684
"X9713","446","1","446",0.00350617040661635,0.004281931125823,"9.32790379015349",9.33140996056011
"X9762","447","1","447",0.00960884252706327,0.00419247394646299,"9.32790379015349",9.33751263268055
"X9945","448","1","448",0.0328196393923536,0.00426811187749084,"9.32790379015349",9.36072342954584
"X9905","449","1","449",0.00657408715544699,0.00421583785320816,"9.32790379015349",9.33447787730894
"X9802","450","1","450",0.0127551554961447,0.00430826386896546,"9.32790379015349",9.34065894564963
"X6976","451","1","451",0.0144666051515535,0.00427065224343515,"9.32790379015349",9.34237039530504
"X9089","452","1","452",0.0180038222362555,0.00430311584323571,"9.32790379015349",9.34590761238975
"X9904","453","1","453",0.0127538804969451,0.00424388382818174,"9.32790379015349",9.34065767065043
"X1954","454","1","454",0.0236327753368614,0.00419374191569563,"9.32790379015349",9.35153656549035
"X5811","455","1","455",0.0256754104625965,0.00425997883561884,"9.32790379015349",9.35357920061609
"X9747","456","1","456",0.00923133730676357,0.0041431386531605,"9.32790379015349",9.33713512746025
"X9930","457","1","457",0.020624398194686,0.00418768389733844,"9.32790379015349",9.34852818834818
"X9656","458","1","458",0.0105940512588575,0.00416995898099502,"9.32790379015349",9.33849784141235
"X8233","459","1","459",0.0267733895507117,0.00424083278559648,"9.32790379015349",9.3546771797042
"X9067","460","1","460",0.0261380798616739,0.00415203377497372,"9.32790379015349",9.35404187001516
"X9972","461","1","461",0.0229867551240755,0.00432891137266466,"9.32790379015349",9.35089054527757
"X9902","462","1","462",0.0117294435737843,0.00408745670634428,"9.32790379015349",9.33963323372727
"X9583","463","1","463",0.01623602476636,0.00411610380620236,"9.32790379015349",9.34413981491985
"X1925","464","1","464",0.0137769655591612,0.00422313378197512,"9.32790379015349",9.34168075571265
"X8077","465","1","465",0.0122578871970756,0.00421440538359934,"9.32790379015349",9.34016167735057
"X9789","466","1","466",0.0147439258542205,0.00424930616597401,"9.32790379015349",9.34264771600771
"X9524","467","1","467",0.00405263836757279,0.00411004865314802,"9.32790379015349",9.33195642852106
"X6009","468","1","468",0.00521911973357396,0.00415316564486989,"9.32790379015349",9.33312290988706
"X9852","469","1","469",0.0138306133411231,0.00419162875925843,"9.32790379015349",9.34173440349461
"X9851","470","1","470",-0.0152350665147378,0.00484431931774271,"9.32790379015349",9.31266872363875
"X139","471","1","471",0.00606816246322776,0.00431555636685377,"9.32790379015349",9.33397195261672
"X5353","472","1","472",-0.00871477542471021,0.00433487310621011,"9.32790379015349",9.31918901472878
"X9547","473","1","473",-0.0061688044145364,0.00431357482217349,"9.32790379015349",9.32173498573895
"X5874","474","1","474",0.00493450521864031,0.00434613890576855,"9.32790379015349",9.33283829537213
"X7427","475","1","475",0.00236629710350173,0.00428085449213796,"9.32790379015349",9.33027008725699
"X9944","476","1","476",0.000343530756221086,0.00439447331084599,"9.32790379015349",9.32824732090971
"X5860","477","1","477",0.0053163366992221,0.00435906277097797,"9.32790379015349",9.33322012685271
"X7521","478","1","478",-0.00636471737647375,0.00435529466998843,"9.32790379015349",9.32153907277702
"X9708","479","1","479",0.00706877836625059,0.00423694020995798,"9.32790379015349",9.33497256851974
"X9770","480","1","480",0.00627521584348073,0.0043847504761799,"9.32790379015349",9.33417900599697
"X915","481","1","481",0.00493457751124149,0.00432993978157565,"9.32790379015349",9.33283836766473
"X9848","482","1","482",-0.0010465634134293,0.00430128293255756,"9.32790379015349",9.32685722674006
"X9601","483","1","483",-0.00133154802792064,0.00433204852937061,"9.32790379015349",9.32657224212557
"X7346","484","1","484",0.00547357505928955,0.00430835015809947,"9.32790379015349",9.33337736521278
"X5890","485","1","485",0.00765611019203552,0.00461242124575185,"9.32790379015349",9.33555990034553
"X8132","486","1","486",0.00236894284010073,0.00434542043599304,"9.32790379015349",9.33027273299359
"X9408","487","1","487",0.0024894101278948,0.00429841836311059,"9.32790379015349",9.33039320028139
"X9104","488","1","488",-0.00839345463269626,0.00423744850996466,"9.32790379015349",9.31951033552079
"X9510","489","1","489",0.00301124812350706,0.00434833315316304,"9.32790379015349",9.330915038277
"X9987","490","1","490",-0.000129465562464865,0.00430665357934563,"9.32790379015349",9.32777432459103
"X9899","491","1","491",-0.00701064781269451,0.0042933518084065,"9.32790379015349",9.3208931423408
"X6038","492","1","492",0.00618555156689622,0.00433738364868628,"9.32790379015349",9.33408934172039
"X9886","493","1","493",-3.34726978100993e-05,0.00432553074002861,"9.32790379015349",9.32787031745568
"X9609","494","1","494",-0.00559241123706124,0.00426253283450739,"9.32790379015349",9.32231137891643
"X9937","495","1","495",-0.000711594087867837,0.00429922925845496,"9.32790379015349",9.32719219606562
"X9743","496","1","496",-0.0083605168514455,0.00427862843733505,"9.32790379015349",9.31954327330205
"X9506","497","1","497",-0.00777052001284331,0.00426755110942342,"9.32790379015349",9.32013327014065
"X9551","498","1","498",-0.00309340376103354,0.00432670409018967,"9.32790379015349",9.32481038639246
"X6140","499","1","499",-0.00268873499240017,0.00428282719319388,"9.32790379015349",9.32521505516109
"X8284","500","1","500",0.000226415035599716,0.00426220758266876,"9.32790379015349",9.32813020518909
"X9588","501","1","501",-0.00384500627032467,0.00437160366726019,"9.32790379015349",9.32405878388317
"X9856","502","1","502",0.000234747361670457,0.00431806450863596,"9.32790379015349",9.32813853751516
"X9593","503","1","503",0.0015696157555356,0.00428854497258851,"9.32790379015349",9.32947340590903
"X9712","504","1","504",0.00137767628256854,0.00439412449186776,"9.32790379015349",9.32928146643606
"X7413","505","1","505",-0.0120026209214397,0.00427442820472561,"9.32790379015349",9.31590116923205
"X9791","506","1","506",-0.00830761004492085,0.00432186212525812,"9.32790379015349",9.31959618010857
"X6917","507","1","507",0.00636916468883886,0.00430890387897538,"9.32790379015349",9.33427295484233
"X9797","508","1","508",0.00948688888386511,0.00435708873539481,"9.32790379015349",9.33739067903736
"X9866","509","1","509",-0.000939346678436375,0.00429477314621819,"9.32790379015349",9.32696444347505
"X9696","510","1","510",-0.016628854188408,0.00433366410792635,"9.32790379015349",9.31127493596508
"X5784","511","1","511",0.000591364243954901,0.00429319064405512,"9.32790379015349",9.32849515439744
"X9704","512","1","512",-0.00370784218950877,0.00435239376754368,"9.32790379015349",9.32419594796398
"X9592","513","1","513",-0.00531669021205115,0.0042710079722794,"9.32790379015349",9.32258709994144
"X9646","514","1","514",-0.00403920047610098,0.00422246951243971,"9.32790379015349",9.32386458967739
"X6017","515","1","515",0.00218283884022619,0.0043441217393204,"9.32790379015349",9.33008662899372
"X8337","516","1","516",-0.0100341269580443,0.00424218022664195,"9.32790379015349",9.31786966319545
"X9626","517","1","517",-0.0186103358922985,0.00450004757971815,"9.32790379015349",9.30929345426119
"X9091","518","1","518",-0.00567436368884017,0.00439768441723242,"9.32790379015349",9.32222942646465
"X5837","519","1","519",-0.012974255696596,0.00447399102363774,"9.32790379015349",9.31492953445689
"X9386","520","1","520",-0.0218476496837319,0.00432601090274523,"9.32790379015349",9.30605614046976
"X9799","521","1","521",-0.0240820800785996,0.00450243931344956,"9.32790379015349",9.30382171007489
"X9962","522","1","522",-0.0240618071173504,0.00450899670537168,"9.32790379015349",9.30384198303614
"X9079","523","1","523",-0.0143374831509974,0.00430170929033247,"9.32790379015349",9.31356630700249
"X9587","524","1","524",-0.011242709766608,0.00430405477326059,"9.32790379015349",9.31666108038688
"X9602","525","1","525",-0.0157040653679441,0.00433348847248383,"9.32790379015349",9.31219972478555
"X9949","526","1","526",-0.0167854053174721,0.0045798801282971,"9.32790379015349",9.31111838483602
"X6434","527","1","527",-0.0190399550539531,0.00441844093163952,"9.32790379015349",9.30886383509954
"X8430","528","1","528",-0.0175930721037651,0.00497314481596764,"9.32790379015349",9.31031071804973
"X9794","529","1","529",-0.0201751878668427,0.00446764752630341,"9.32790379015349",9.30772860228665
"X9798","530","1","530",-0.0218544826578455,0.00449318497820177,"9.32790379015349",9.30604930749564
"X9993","531","1","531",-0.00211717119424219,0.00432840821598446,"9.32790379015349",9.32578661895925
"X6041","532","1","532",-0.0024045707787353,0.00434919774397447,"9.32790379015349",9.32549921937476
"X403","533","1","533",-0.00868675380399426,0.00449005935886872,"9.32790379015349",9.3192170363495
"X9586","534","1","534",-0.0272689790389937,0.00474855886397791,"9.32790379015349",9.3006348111145
"X9950","535","1","535",-0.0216825933391853,0.00445636179908818,"9.32790379015349",9.3062211968143
"X9864","536","1","536",-0.0203054465660262,0.00447179295327989,"9.32790379015349",9.30759834358746
"X9561","537","1","537",-0.0343445580440065,0.00474848014898497,"9.32790379015349",9.29355923210948
"X7316","538","1","538",-0.017771064071178,0.00450906555107179,"9.32790379015349",9.31013272608231
"X9999","539","1","539",-0.00270580892831121,0.00437641587019285,"9.32790379015349",9.32519798122518
"X9834","540","1","540",-0.0248141306510149,0.00447393962865768,"9.32790379015349",9.30308965950248
"X9853","541","1","541",-0.0218302067947244,0.00443112778538484,"9.32790379015349",9.30607358335877
"X9535","542","1","542",-0.0290306322156212,0.00468126752295837,"9.32790379015349",9.29887315793787
"X9725","543","1","543",-0.00656701478150692,0.00440785289300139,"9.32790379015349",9.32133677537198
"X687","544","1","544",-0.0172022245470329,0.00448988550593349,"9.32790379015349",9.31070156560646
"X7396","545","1","545",-0.00888841599754822,0.00434198873001586,"9.32790379015349",9.31901537415594
"X9595","546","1","546",-0.0154599419294864,0.00439514581899411,"9.32790379015349",9.312443848224
"X9598","547","1","547",-0.0304852540790408,0.00452391875457839,"9.32790379015349",9.29741853607445
"X9997","548","1","548",-0.0279483709280167,0.00454106859705337,"9.32790379015349",9.29995541922547
"X9782","549","1","549",-0.00952256727967172,0.004559680476882,"9.32790379015349",9.31838122287382
"X9717","550","1","550",-0.0212408728748472,0.00444399729959467,"9.32790379015349",9.30666291727864
"X9808","551","1","551",-0.00225429016213743,0.00437241567647174,"9.32790379015349",9.32564949999135
"X9568","552","1","552",-0.0233098129456437,0.00452369682922902,"9.32790379015349",9.30459397720785
"X7067","553","1","553",-0.0139628138102214,0.00440904637615217,"9.32790379015349",9.31394097634327
"X9774","554","1","554",-0.0149036991701664,0.00440030241310932,"9.32790379015349",9.31300009098332
"X9921","555","1","555",-0.0071904301316634,0.00456124418663382,"9.32790379015349",9.32071336002183
"X9711","556","1","556",-0.0215491732826933,0.00447759307044391,"9.32790379015349",9.3063546168708
"X8239","557","1","557",-0.0201533409480073,0.0045236664794386,"9.32790379015349",9.30775044920548
"X9634","558","1","558",-0.0256868207122454,0.00471672950399104,"9.32790379015349",9.30221696944125
"X9859","559","1","559",-0.0178001092878412,0.00497194053394197,"9.32790379015349",9.31010368086565
"X9908","560","1","560",-0.0144660943777265,0.00441281367618445,"9.32790379015349",9.31343769577576
"X9660","561","1","561",-0.00542987758402619,0.00440418480296227,"9.32790379015349",9.32247391256946
"X9968","562","1","562",-0.00701834423472087,0.00441837359456892,"9.32790379015349",9.32088544591877
"X9576","563","1","563",-0.0251686684322046,0.00471845598142385,"9.32790379015349",9.30273512172129
"X9953","564","1","564",-0.00948976818119475,0.00429399910462766,"9.32790379015349",9.31841402197229
"X9529","565","1","565",-0.0247688982058811,0.00464825557878677,"9.32790379015349",9.30313489194761
"X9546","566","1","566",-0.0170470063651006,0.00500364902878237,"9.32790379015349",9.31085678378839
"X5151","567","1","567",-0.0113100437966567,0.00461250010739352,"9.32790379015349",9.31659374635683
"X6424","568","1","568",-0.0153641801618675,0.00447967229346735,"9.32790379015349",9.31253960999162
"X7106","569","1","569",-0.0208228738234335,0.00457894117367559,"9.32790379015349",9.30708091633006
"X9507","570","1","570",-0.00826339429833288,0.00439097243913047,"9.32790379015349",9.31964039585516
"X9134","571","1","571",-0.00904027663104825,0.0045011294957313,"9.32790379015349",9.31886351352244
"X9781","572","1","572",-0.0203393749525501,0.00473134527322027,"9.32790379015349",9.30756441520094
"X9952","573","1","573",-0.0157959205576076,0.0045374610403038,"9.32790379015349",9.31210786959588
"X9996","574","1","574",-0.00547578649405278,0.00442437157791133,"9.32790379015349",9.32242800365944
"X9821","575","1","575",-0.017371200040116,0.00443441462408312,"9.32790379015349",9.31053259011337
"X9130","576","1","576",-0.00787041801865773,0.00434847972036104,"9.32790379015349",9.32003337213483
"X9928","577","1","577",0.00403778776252997,0.004527380290161,"9.32790379015349",9.33194157791602
"X9915","578","1","578",-0.0115572388281416,0.00442248418444803,"9.32790379015349",9.31634655132535
"X9873","579","1","579",-0.0185811782522089,0.00448747127133347,"9.32790379015349",9.30932261190128
"X351","580","1","580",0.000381784644599458,0.00446669222450997,"9.32790379015349",9.32828557479809
"X9405","581","1","581",-0.00634796768521977,0.0046703671422861,"9.32790379015349",9.32155582246827
"X7350","582","1","582",-0.0155256908627773,0.00430789354405522,"9.32790379015349",9.31237809929071
"X9632","583","1","583",-0.0165233824107171,0.00444100541805257,"9.32790379015349",9.31138040774277
"X9929","584","1","584",-0.0258574433003699,0.00450675065112304,"9.32790379015349",9.30204634685312
"X7033","585","1","585",-0.0011743278593012,0.00437395312208373,"9.32790379015349",9.32672946229419
"X7119","586","1","586",-0.0334193973322115,0.0045101949562637,"9.32790379015349",9.29448439282128
"X9835","587","1","587",-0.00500596693380042,0.00501116377117587,"9.32790379015349",9.32289782321969
"X9943","588","1","588",-0.00765290426388218,0.00444341399071647,"9.32790379015349",9.32025088588961
"X6973","589","1","589",0.00539483129726878,0.00418122169925034,"9.32790379015349",9.33329862145076
"X9911","590","1","590",-0.0116541548986545,0.00424894492313347,"9.32790379015349",9.31624963525484
"X6201","591","1","591",0.00604675024879696,0.00420472462689192,"9.32790379015349",9.33395054040229
"X9620","592","1","592",0.00251624348203829,0.00424589758131063,"9.32790379015349",9.33042003363553
"X8378","593","1","593",-0.00548720044059576,0.00426661852032719,"9.32790379015349",9.32241658971289
"X5236","594","1","594",-0.0139876208680893,0.00427853180908765,"9.32790379015349",9.3139161692854
"X9125","595","1","595",0.00494058866796426,0.00427968652267488,"9.32790379015349",9.33284437882145
"X9938","596","1","596",-0.00161378518927228,0.00447746604505432,"9.32790379015349",9.32629000496422
"X9128","597","1","597",-0.00270793692044495,0.00432198273296522,"9.32790379015349",9.32519585323305
"X10022","598","1","598",-0.00271393996259906,0.00431086070431504,"9.32790379015349",9.32518985019089
"X9523","599","1","599",-0.00158061518063458,0.00431539928108373,"9.32790379015349",9.32632317497286
"X9515","600","1","600",0.0126612942124873,0.00414502702585513,"9.32790379015349",9.34056508436598
"X9545","601","1","601",0.00950549783684404,0.0044518832404424,"9.32790379015349",9.33740928799033
"X9599","602","1","602",-0.0138004037154921,0.00429047998725446,"9.32790379015349",9.314103386438
"X9540","603","1","603",-0.0134831909308331,0.00437975140910349,"9.32790379015349",9.31442059922266
"X9703","604","1","604",0.0046395459515197,0.00462359585638344,"9.32790379015349",9.33254333610501
"X9811","605","1","605",-0.00550790276839433,0.00432700089656921,"9.32790379015349",9.3223958873851
"X9679","606","1","606",-0.0174062681564157,0.00476963098536508,"9.32790379015349",9.31049752199707
"X6970","607","1","607",-0.0281725400040811,0.00434382392490388,"9.32790379015349",9.29973125014941
"X9982","608","1","608",-0.0155274753007607,0.00497410361110503,"9.32790379015349",9.31237631485273
"X9745","609","1","609",-0.00550587456260299,0.00429893136161054,"9.32790379015349",9.32239791559089
"X1741","610","1","610",-0.0112733278673689,0.00436328135613778,"9.32790379015349",9.31663046228612
"X5279","611","1","611",-0.00724097862179324,0.00499276549025814,"9.32790379015349",9.3206628115317
"X6907","612","1","612",-0.0216257335428847,0.00461456067505583,"9.32790379015349",9.3062780566106
"X9537","613","1","613",-0.019548273589622,0.00425876742648532,"9.32790379015349",9.30835551656387
"X9131","614","1","614",-0.0168699193434779,0.00472134896332258,"9.32790379015349",9.31103387081001
"X9113","615","1","615",0.0290756192156812,0.00422505316284282,"9.32790379015349",9.35697940936917
"X9890","616","1","616",0.0267300344087595,0.00426501722198542,"9.32790379015349",9.35463382456225
"X9577","617","1","617",0.0278724903094504,0.00431596124523334,"9.32790379015349",9.35577628046294
"X1829","618","1","618",0.0362815001446156,0.00431963059924013,"9.32790379015349",9.36418529029811
"X9582","619","1","619",0.0321916595362972,0.004306172911728,"9.32790379015349",9.36009544968979
"X9699","620","1","620",0.0384212303554014,0.00432015410973693,"9.32790379015349",9.36632502050889
"X9777","621","1","621",0.0308912090795593,0.00427520693188794,"9.32790379015349",9.35879499923305
"X5718","622","1","622",0.00728845604172466,0.00413293870327731,"9.32790379015349",9.33519224619521
"X9817","623","1","623",-0.00401789430179125,0.00414029166870991,"9.32790379015349",9.3238858958517
"X7296","624","1","624",0.0177562824289768,0.00418473135003323,"9.32790379015349",9.34566007258247
"X9678","625","1","625",0.00322402423399762,0.00425338174785011,"9.32790379015349",9.33112781438749
"X6008","626","1","626",-0.000728297865468684,0.00418055376248081,"9.32790379015349",9.32717549228802
"X5993","627","1","627",0.00785488381818849,0.00418447878194709,"9.32790379015349",9.33575867397168
"X6960","628","1","628",-0.000367358464413638,0.00416742274864728,"9.32790379015349",9.32753643168908
"X8297","629","1","629",0.00851126364494063,0.00407231964852548,"9.32790379015349",9.33641505379843
"X8366","630","1","630",0.00643183662340061,0.00431412818688877,"9.32790379015349",9.33433562677689
"X5772","631","1","631",0.00786918832507244,0.00431889347831707,"9.32790379015349",9.33577297847856
"X6099","632","1","632",-0.00754362306106293,0.00420956634845314,"9.32790379015349",9.32036016709243
"X9980","633","1","633",0.00346252621864585,0.00436289057570747,"9.32790379015349",9.33136631637214
"X5893","634","1","634",0.00497726076142318,0.00412502424598141,"9.32790379015349",9.33288105091491
"X506","635","1","635",0.0103556554633657,0.00417875227143154,"9.32790379015349",9.33825944561686
"X9840","636","1","636",-0.0024817223606932,0.00419578188070401,"9.32790379015349",9.3254220677928
"X9085","637","1","637",-0.00233162459919676,0.0041750195032635,"9.32790379015349",9.32557216555429
"X6296","638","1","638",-0.00309398410911644,0.00416665689453617,"9.32790379015349",9.32480980604437
"X9709","639","1","639",0.0079713525123424,0.00423144649068487,"9.32790379015349",9.33587514266583
"X9788","640","1","640",0.0189410224127146,0.00415505767516377,"9.32790379015349",9.34684481256621
"X10001","641","1","641",0.0156548423423574,0.00439445254813788,"9.32790379015349",9.34355863249585
"X9973","642","1","642",0.0212163261576941,0.00417363195738654,"9.32790379015349",9.34912011631118
"X9542","643","1","643",0.00215660389091002,0.00427539581937901,"9.32790379015349",9.3300603940444
"X6709","644","1","644",0.0284109318023041,0.00434963349330242,"9.32790379015349",9.35631472195579
"X7028","645","1","645",0.0188542673063732,0.00427527761907671,"9.32790379015349",9.34675805745986
"X5768","646","1","646",0.00188958770839216,0.00426303909496229,"9.32790379015349",9.32979337786188
"X6194","647","1","647",0.0085876126372663,0.00431715869939429,"9.32790379015349",9.33649140279076
"X801","648","1","648",-0.0045749528813351,0.00432896383254324,"9.32790379015349",9.32332883727216
"X9388","649","1","649",-0.00361826654507404,0.00425491183458553,"9.32790379015349",9.32428552360842
"X9543","650","1","650",-0.0147078355669619,0.00431985072407876,"9.32790379015349",9.31319595458653
"X9585","651","1","651",-0.00770738125145921,0.00424939834724742,"9.32790379015349",9.32019640890203
"X10018","652","1","652",-0.00208590415668389,0.00429704029462636,"9.32790379015349",9.32581788599681
"X9115","653","1","653",0.0247148779000213,0.00433191314530704,"9.32790379015349",9.35261866805351
"X9084","654","1","654",0.0244814766642265,0.00433276350784939,"9.32790379015349",9.35238526681772
"X9628","655","1","655",0.0231114923876564,0.00433732791923059,"9.32790379015349",9.35101528254115
"X8343","656","1","656",0.0370202804958597,0.00420886278282266,"9.32790379015349",9.36492407064935
"X6174","657","1","657",0.0132967004629098,0.00427856568347312,"9.32790379015349",9.3412004906164
"X9801","658","1","658",0.0135932573429881,0.0042477748554029,"9.32790379015349",9.34149704749648
"X8386","659","1","659",0.0102304498106936,0.00421664331582171,"9.32790379015349",9.33813423996418
"X9739","660","1","660",0.0286872132170869,0.0042800868390056,"9.32790379015349",9.35659100337058
"X9636","661","1","661",0.00413324941710625,0.00411054315285639,"9.32790379015349",9.3320370395706
"X7515","662","1","662",0.0166776539170747,0.00415402439497864,"9.32790379015349",9.34458144407057
"X9783","663","1","663",0.00917780943861725,0.00422815473945526,"9.32790379015349",9.33708159959211
"X9567","664","1","664",-0.00601662033054664,0.00433233966775176,"9.32790379015349",9.32188716982294
"X2017","665","1","665",0.0111683392279827,0.00456964645280424,"9.32790379015349",9.33907212938147
"X9550","666","1","666",-0.00340769717703764,0.00432282523592221,"9.32790379015349",9.32449609297645
"X9839","667","1","667",-0.00349573088695006,0.00436233032129634,"9.32790379015349",9.32440805926654
"X5748","668","1","668",-0.00928486560959786,0.00437660038115858,"9.32790379015349",9.31861892454389
"X10015","669","1","669",0.000439399214018926,0.00431896281349358,"9.32790379015349",9.32834318936751
"X9880","670","1","670",-0.00367955277077449,0.00442866378125858,"9.32790379015349",9.32422423738272
"X9897","671","1","671",0.00733221484624751,0.00425663224765362,"9.32790379015349",9.33523600499974
"X9809","672","1","672",-0.000937066441169481,0.00425629689313793,"9.32790379015349",9.32696672371232
"X9106","673","1","673",-0.000808577707478466,0.00450669457291358,"9.32790379015349",9.32709521244601
"X6680","674","1","674",0.0057001059212611,0.00431833960653855,"9.32790379015349",9.33360389607475
"X9898","675","1","675",0.0114721746357095,0.00440314551807624,"9.32790379015349",9.3393759647892
"X8236","676","1","676",0.0163703712340753,0.00459259958176864,"9.32790379015349",9.34427416138757
"X6133","677","1","677",0.00494255328473947,0.0044465106791603,"9.32790379015349",9.33284634343823
"X10010","678","1","678",-0.00449653740782557,0.00435121453244337,"9.32790379015349",9.32340725274566
"X9757","679","1","679",0.00985498772416102,0.00437585779823587,"9.32790379015349",9.33775877787765
"X9701","680","1","680",0.00534725078252323,0.00438350811224902,"9.32790379015349",9.33325104093601
"X9651","681","1","681",-0.00100078351018891,0.00435855201239663,"9.32790379015349",9.3269030066433
