"Taxa","Group","RefInf","ID","BLUP","PEV","BLUE","Prediction"
"X2276","  1","1","  1",-9.14597198032838e-10,1.29221301322838e-09,"15.7313416006715",15.7313415997569
"X2171","  2","1","  2",-9.88426442435804e-10,1.29210543787773e-09,"15.7313416006715",15.7313415996831
"X7461","  3","1","  3",-7.61800838068341e-10,1.26751962146635e-09,"15.7313416006715",15.7313415999097
"X9312","  4","1","  4",-5.3357373030475e-09,1.35309315919891e-09,"15.7313416006715",15.7313415953358
"X8424","  5","1","  5",-2.23194233693416e-09,1.23752314305058e-09,"15.7313416006715",15.7313415984396
"X2016","  6","1","  6",-3.22313082320235e-09,1.27701240843165e-09,"15.7313416006715",15.7313415974484
"X7354","  7","1","  7",-1.85726141185366e-09,1.25833638945416e-09,"15.7313416006715",15.7313415988142
"X9509","  8","1","  8",3.14048033231782e-09,1.24153175160699e-09,"15.7313416006715",15.731341603812
"X9569","  9","1","  9",-1.65094090055935e-10,1.26759563636475e-09,"15.7313416006715",15.7313416005064
"X9819"," 10","1"," 10",-3.61893984871636e-10,1.2513043544614e-09,"15.7313416006715",15.7313416003096
"X9756"," 11","1"," 11",-4.14191207768416e-09,1.34617323128804e-09,"15.7313416006715",15.7313415965296
"X6148"," 12","1"," 12",-1.28920366990829e-09,1.29034443958866e-09,"15.7313416006715",15.7313415993823
"X9854"," 13","1"," 13",-4.11848586422144e-09,1.34542408461453e-09,"15.7313416006715",15.731341596553
"X9596"," 14","1"," 14",-4.19517239560451e-09,1.34539791288321e-09,"15.7313416006715",15.7313415964763
"X9744"," 15","1"," 15",-2.0205892527588e-09,1.36480259287856e-09,"15.7313416006715",15.7313415986509
"X9512"," 16","1"," 16",-1.28124698580501e-09,1.36388324546019e-09,"15.7313416006715",15.7313415993903
"X5104"," 17","1"," 17",-3.65503050216732e-09,1.30352428205286e-09,"15.7313416006715",15.7313415970165
"X9639"," 18","1"," 18",-3.63577071647973e-09,1.31047915109905e-09,"15.7313416006715",15.7313415970357
"X6154"," 19","1"," 19",1.01789793012169e-09,1.26430742907786e-09,"15.7313416006715",15.7313416016894
"X9861"," 20","1"," 20",3.8876038046522e-09,1.3060117957784e-09,"15.7313416006715",15.7313416045591
"X7107"," 21","1"," 21",-2.4187350373834e-09,1.3043154304279e-09,"15.7313416006715",15.7313415982528
"X10023"," 22","1"," 22",8.77100596639874e-10,1.29863872622814e-09,"15.7313416006715",15.7313416015486
"X9627"," 23","1"," 23",-2.37843714062687e-09,1.3018194209052e-09,"15.7313416006715",15.7313415982931
"X9721"," 24","1"," 24",-1.33633361397063e-10,1.32824904215533e-09,"15.7313416006715",15.7313416005379
"X9832"," 25","1"," 25",2.07307390676703e-09,1.35639014727799e-09,"15.7313416006715",15.7313416027446
"X9649"," 26","1"," 26",-4.13695280113235e-09,1.34567040714444e-09,"15.7313416006715",15.7313415965345
"X9793"," 27","1"," 27",-4.1292567567821e-09,1.34229141002581e-09,"15.7313416006715",15.7313415965422
"X9616"," 28","1"," 28",-4.61125788465283e-09,1.32496589713608e-09,"15.7313416006715",15.7313415960602
"X9612"," 29","1"," 29",-1.96653755576825e-09,1.33506103011128e-09,"15.7313416006715",15.731341598705
"X6108"," 30","1"," 30",-1.43286304990195e-09,1.35139651650306e-09,"15.7313416006715",15.7313415992386
"X6137"," 31","1"," 31",-3.61586639270863e-10,1.29972535685099e-09,"15.7313416006715",15.7313416003099
"X7717"," 32","1"," 32",-1.15387577414036e-09,1.28187767794203e-09,"15.7313416006715",15.7313415995176
"X9548"," 33","1"," 33",-1.3566710936186e-09,1.27086961905453e-09,"15.7313416006715",15.7313415993148
"X9558"," 34","1"," 34",-4.23802726813288e-09,1.34535459515643e-09,"15.7313416006715",15.7313415964335
"X9726"," 35","1"," 35",-4.20595462825171e-09,1.34584101859797e-09,"15.7313416006715",15.7313415964655
"X6177"," 36","1"," 36",7.90057717087916e-10,1.29805057402582e-09,"15.7313416006715",15.7313416014616
"X9693"," 37","1"," 37",-2.01308439782934e-10,1.25216607053368e-09,"15.7313416006715",15.7313416004702
"X9792"," 38","1"," 38",-4.17964072046115e-09,1.34577808425371e-09,"15.7313416006715",15.7313415964919
"X8290"," 39","1"," 39",-1.32191647774595e-09,1.31142230846118e-09,"15.7313416006715",15.7313415993496
"X9633"," 40","1"," 40",-3.48676384754469e-09,1.31215409694441e-09,"15.7313416006715",15.7313415971847
"X8246"," 41","1"," 41",-8.00955366896626e-10,1.26962388727955e-09,"15.7313416006715",15.7313415998705
"X9903"," 42","1"," 42",-4.07265816606355e-09,1.34225767988237e-09,"15.7313416006715",15.7313415965988
"X6957"," 43","1"," 43",1.01760092982346e-09,1.26941063542161e-09,"15.7313416006715",15.7313416016891
"X9669"," 44","1"," 44",1.28395240642138e-09,1.28638747062277e-09,"15.7313416006715",15.7313416019555
"X9816"," 45","1"," 45",3.61664586185737e-09,1.27615722851459e-09,"15.7313416006715",15.7313416042881
"X9655"," 46","1"," 46",2.19256714795105e-09,1.2860391200829e-09,"15.7313416006715",15.7313416028641
"X9668"," 47","1"," 47",-4.51342070431712e-09,1.32824902984712e-09,"15.7313416006715",15.7313415961581
"X9841"," 48","1"," 48",7.40525422450774e-10,1.28633558279699e-09,"15.7313416006715",15.731341601412
"X9984"," 49","1"," 49",5.44232324114787e-10,1.28765731981398e-09,"15.7313416006715",15.7313416012157
"X9714"," 50","1"," 50",2.98545917459995e-10,1.28937068515574e-09,"15.7313416006715",15.73134160097
"X9918"," 51","1"," 51",5.21653618642991e-10,1.28814961369426e-09,"15.7313416006715",15.7313416011932
"X9645"," 52","1"," 52",1.53977840365117e-09,1.28109765689843e-09,"15.7313416006715",15.7313416022113
"X9658"," 53","1"," 53",-4.56739589229988e-09,1.31706817523458e-09,"15.7313416006715",15.7313415961041
"X6989"," 54","1"," 54",-3.4590871294716e-09,1.29756142259268e-09,"15.7313416006715",15.7313415972124
"X2031"," 55","1"," 55",-2.62644265373387e-09,1.31339669907083e-09,"15.7313416006715",15.7313415980451
"X9638"," 56","1"," 56",1.30665413423505e-09,1.26690720702813e-09,"15.7313416006715",15.7313416019782
"X1890"," 57","1"," 57",-4.22111795829368e-09,1.30461570764321e-09,"15.7313416006715",15.7313415964504
"X9522"," 58","1"," 58",1.23783434200488e-09,1.29990986248744e-09,"15.7313416006715",15.7313416019093
"X9895"," 59","1"," 59",5.77654521946177e-10,1.28873787963348e-09,"15.7313416006715",15.7313416012492
"X10014"," 60","1"," 60",-3.57644224409645e-09,1.32264398238913e-09,"15.7313416006715",15.7313415970951
"X9879"," 61","1"," 61",-9.18807512706568e-10,1.30125756068371e-09,"15.7313416006715",15.7313415997527
"X9813"," 62","1"," 62",1.42612780252599e-09,1.3129063631622e-09,"15.7313416006715",15.7313416020976
"X768"," 63","1"," 63",1.13349487133262e-09,1.30189277452344e-09,"15.7313416006715",15.731341601805
"X9858"," 64","1"," 64",4.55575914811185e-09,1.37834239684532e-09,"15.7313416006715",15.7313416052273
"X9723"," 65","1"," 65",-2.59797814845298e-09,1.30259334236664e-09,"15.7313416006715",15.7313415980735
"X9860"," 66","1"," 66",4.48665598814414e-09,1.29564080972354e-09,"15.7313416006715",15.7313416051582
"X7263"," 67","1"," 67",4.74094432929179e-10,1.27188274392951e-09,"15.7313416006715",15.7313416011456
"X9647"," 68","1"," 68",2.06574864074542e-09,1.28083949914531e-09,"15.7313416006715",15.7313416027372
"X9815"," 69","1"," 69",-4.87781219645995e-10,1.27634901508511e-09,"15.7313416006715",15.7313416001837
"X4779"," 70","1"," 70",1.5906429417871e-11,1.26118748301838e-09,"15.7313416006715",15.7313416006874
"X6911"," 71","1"," 71",-1.59178736461807e-09,1.39520461817885e-09,"15.7313416006715",15.7313415990797
"X9941"," 72","1"," 72",-4.40237453671016e-09,1.34439052076601e-09,"15.7313416006715",15.7313415962691
"X9812"," 73","1"," 73",3.83629557182101e-10,1.2541558765377e-09,"15.7313416006715",15.7313416010551
"X9738"," 74","1"," 74",2.5956048311195e-09,1.29087126406e-09,"15.7313416006715",15.7313416032671
"X7322"," 75","1"," 75",-1.57665877651739e-09,1.38152132829274e-09,"15.7313416006715",15.7313415990948
"X9850"," 76","1"," 76",4.72016907378044e-09,1.32011828259028e-09,"15.7313416006715",15.7313416053917
"X9883"," 77","1"," 77",2.32425781924419e-09,1.24452715141372e-09,"15.7313416006715",15.7313416029958
"X9451"," 78","1"," 78",3.24886866922604e-09,1.37438113303513e-09,"15.7313416006715",15.7313416039204
"X8234"," 79","1"," 79",1.35682605005931e-09,1.25583674337886e-09,"15.7313416006715",15.7313416020283
"X9697"," 80","1"," 80",3.65801648335379e-09,1.26456949989229e-09,"15.7313416006715",15.7313416043295
"X9741"," 81","1"," 81",-1.08497265558635e-10,1.2485076558231e-09,"15.7313416006715",15.731341600563
"X9554"," 82","1"," 82",4.42689429685272e-10,1.27217587842406e-09,"15.7313416006715",15.7313416011142
"X7058"," 83","1"," 83",2.34113375120905e-09,1.26679022853987e-09,"15.7313416006715",15.7313416030126
"X5726"," 84","1"," 84",4.42104775905895e-09,1.2655504576268e-09,"15.7313416006715",15.7313416050925
"X6979"," 85","1"," 85",4.58728044653792e-10,1.27958687132794e-09,"15.7313416006715",15.7313416011302
"X6218"," 86","1"," 86",3.01082745532446e-09,1.25863927482066e-09,"15.7313416006715",15.7313416036823
"X5486"," 87","1"," 87",7.26721520955874e-11,1.26546950531002e-09,"15.7313416006715",15.7313416007442
"X9531"," 88","1"," 88",-6.57532599501044e-10,1.41631379186372e-09,"15.7313416006715",15.731341600014
"X7094"," 89","1"," 89",-3.27230211580648e-09,1.43443275726698e-09,"15.7313416006715",15.7313415973992
"X9642"," 90","1"," 90",1.16307334846584e-09,1.28747199278367e-09,"15.7313416006715",15.7313416018346
"X7372"," 91","1"," 91",5.1547201946632e-09,1.33610509133375e-09,"15.7313416006715",15.7313416058262
"X7517"," 92","1"," 92",1.99004717191048e-09,1.37649604186507e-09,"15.7313416006715",15.7313416026615
"X9574"," 93","1"," 93",-4.66922990994302e-10,1.31912357206153e-09,"15.7313416006715",15.7313416002046
"X9776"," 94","1"," 94",1.78689405778994e-09,1.27214009326052e-09,"15.7313416006715",15.7313416024584
"X6097"," 95","1"," 95",-3.93366531220989e-09,1.42731684495521e-09,"15.7313416006715",15.7313415967378
"X9552"," 96","1"," 96",-2.17338458324195e-09,1.38192333826948e-09,"15.7313416006715",15.7313415984981
"X9825"," 97","1"," 97",4.42564481959628e-09,1.28647928325138e-09,"15.7313416006715",15.7313416050971
"X9409"," 98","1"," 98",7.42383754001702e-10,1.30890846117556e-09,"15.7313416006715",15.7313416014139
"X9988"," 99","1"," 99",1.84457654156539e-09,1.31119801669856e-09,"15.7313416006715",15.7313416025161
"X9518","100","1","100",4.50525261616928e-09,1.29908422574966e-09,"15.7313416006715",15.7313416051768
"X5210","101","1","101",-3.27167824854777e-09,1.28551005910263e-09,"15.7313416006715",15.7313415973998
"X7424","102","1","102",-1.76313044154336e-09,1.28048872907991e-09,"15.7313416006715",15.7313415989084
"X9785","103","1","103",3.7888694800908e-09,1.31639032799001e-09,"15.7313416006715",15.7313416044604
"X9684","104","1","104",4.6817991826901e-09,1.30810278133265e-09,"15.7313416006715",15.7313416053533
"X9075","105","1","105",2.09963137691872e-09,1.32193925172753e-09,"15.7313416006715",15.7313416027711
"X6268","106","1","106",6.04386747079612e-09,1.33640435750374e-09,"15.7313416006715",15.7313416067154
"X9622","107","1","107",3.59642105812667e-09,1.34418458065603e-09,"15.7313416006715",15.7313416042679
"X9891","108","1","108",2.55689483598351e-09,1.30166535668441e-09,"15.7313416006715",15.7313416032284
"X9544","109","1","109",3.66572414430102e-09,1.38245922257654e-09,"15.7313416006715",15.7313416043372
"X9521","110","1","110",2.81812352910053e-09,1.38373368625499e-09,"15.7313416006715",15.7313416034896
"X4958","111","1","111",2.84018795891063e-09,1.37872665388595e-09,"15.7313416006715",15.7313416035117
"X9958","112","1","112",-1.47662165969739e-09,1.44035807439279e-09,"15.7313416006715",15.7313415991949
"X5822","113","1","113",-8.89251800745634e-10,1.41801392457975e-09,"15.7313416006715",15.7313415997822
"X5349","114","1","114",-9.10962961343183e-11,1.394606718778e-09,"15.7313416006715",15.7313416005804
"X10006","115","1","115",3.96572419608488e-10,1.3168982669486e-09,"15.7313416006715",15.7313416010681
"X9722","116","1","116",2.24742333230766e-09,1.30373814255326e-09,"15.7313416006715",15.7313416029189
"X9900","117","1","117",2.21535373628405e-09,1.30642039630361e-09,"15.7313416006715",15.7313416028869
"X7102","118","1","118",-2.47374999923268e-09,1.30386052519521e-09,"15.7313416006715",15.7313415981978
"X9796","119","1","119",-5.99869791157158e-11,1.30736587906272e-09,"15.7313416006715",15.7313416006115
"X1872","120","1","120",-1.68327880512279e-09,1.4146211838923e-09,"15.7313416006715",15.7313415989882
"X5720","121","1","121",8.24764856526954e-10,1.40378608361838e-09,"15.7313416006715",15.7313416014963
"X9951","122","1","122",2.06690993212052e-09,1.38878139825491e-09,"15.7313416006715",15.7313416027384
"X5950","123","1","123",-9.32494156804334e-10,1.42030385683269e-09,"15.7313416006715",15.731341599739
"X6939","124","1","124",-1.29012601265496e-09,1.42075853146021e-09,"15.7313416006715",15.7313415993814
"X9959","125","1","125",1.07227943923357e-09,1.35468923315392e-09,"15.7313416006715",15.7313416017438
"X5779","126","1","126",1.04725354653025e-09,1.35022135829784e-09,"15.7313416006715",15.7313416017188
"X9665","127","1","127",1.61145159363155e-09,1.27948064653694e-09,"15.7313416006715",15.731341602283
"X9630","128","1","128",3.8789428745887e-10,1.24526938925375e-09,"15.7313416006715",15.7313416010594
"X428","129","1","129",3.35262739396643e-09,1.26074773796711e-09,"15.7313416006715",15.7313416040241
"X6163","130","1","130",4.24723123382853e-10,1.25642078998898e-09,"15.7313416006715",15.7313416010962
"X9901","131","1","131",1.05637551839853e-09,1.28120686266221e-09,"15.7313416006715",15.7313416017279
"X108","132","1","132",-1.22194702731525e-09,1.26332002750608e-09,"15.7313416006715",15.7313415994496
"X6933","133","1","133",4.64168992428329e-09,1.26892794664393e-09,"15.7313416006715",15.7313416053132
"X9556","134","1","134",-1.56248537510676e-09,1.29499906300033e-09,"15.7313416006715",15.731341599109
"X9878","135","1","135",1.16639584798104e-09,1.29570485812036e-09,"15.7313416006715",15.7313416018379
"X10013","136","1","136",2.51295382694406e-09,1.37561492632068e-09,"15.7313416006715",15.7313416031845
"X350","137","1","137",2.84094318732054e-09,1.31914185310675e-09,"15.7313416006715",15.7313416035124
"X6195","138","1","138",6.99749558278759e-09,1.30036206384728e-09,"15.7313416006715",15.731341607669
"X9729","139","1","139",8.37842639652591e-10,1.29499216398359e-09,"15.7313416006715",15.7313416015093
"X9906","140","1","140",-6.02737293609597e-09,1.45304735204462e-09,"15.7313416006715",15.7313415946441
"X9981","141","1","141",9.76627490582837e-10,1.40165395836817e-09,"15.7313416006715",15.7313416016481
"X10020","142","1","142",-3.50355416186765e-09,1.32957653827767e-09,"15.7313416006715",15.7313415971679
"X2202","143","1","143",-7.2587321054229e-11,1.30008628102408e-09,"15.7313416006715",15.7313416005989
"X9979","144","1","144",8.45146373591524e-10,1.32613321285424e-09,"15.7313416006715",15.7313416015166
"X5577","145","1","145",-1.11289804596551e-09,1.31670301440334e-09,"15.7313416006715",15.7313415995586
"X9736","146","1","146",5.29738965032096e-09,1.26107569670084e-09,"15.7313416006715",15.7313416059689
"X9779","147","1","147",4.14908633053579e-09,1.29214039209669e-09,"15.7313416006715",15.7313416048206
"X630","148","1","148",6.49588951603067e-11,1.29535380236074e-09,"15.7313416006715",15.7313416007365
"X7373","149","1","149",3.00231678903165e-09,1.3141267716072e-09,"15.7313416006715",15.7313416036738
"X9874","150","1","150",1.05494679948748e-09,1.31405191512905e-09,"15.7313416006715",15.7313416017264
"X932","151","1","151",3.88945180920309e-09,1.31179095215928e-09,"15.7313416006715",15.731341604561
"X9862","152","1","152",-1.60815478237242e-10,1.30016576170664e-09,"15.7313416006715",15.7313416005107
"X6974","153","1","153",1.6429156337502e-09,1.26094460617963e-09,"15.7313416006715",15.7313416023144
"X4939","154","1","154",1.69810102376754e-09,1.24425595781769e-09,"15.7313416006715",15.7313416023696
"X6944","155","1","155",-1.44918405515058e-09,1.32191315550293e-09,"15.7313416006715",15.7313415992223
"X9584","156","1","156",1.80743555506124e-09,1.26481973175006e-09,"15.7313416006715",15.7313416024789
"X9579","157","1","157",-2.11307786777174e-09,1.30255434425894e-09,"15.7313416006715",15.7313415985584
"X9771","158","1","158",3.2902331634538e-10,1.28142724327212e-09,"15.7313416006715",15.7313416010005
"X2212","159","1","159",-3.94298274467629e-09,1.34728365985863e-09,"15.7313416006715",15.7313415967285
"X9830","160","1","160",4.61935171471876e-09,1.37302495197061e-09,"15.7313416006715",15.7313416052909
"X9530","161","1","161",1.89719221337886e-09,1.27180427898364e-09,"15.7313416006715",15.7313416025687
"X9720","162","1","162",2.84495640275147e-09,1.26664159952065e-09,"15.7313416006715",15.7313416035165
"X9772","163","1","163",1.15695090354303e-09,1.29282163353199e-09,"15.7313416006715",15.7313416018285
"X7161","164","1","164",-1.56199787252994e-09,1.26182111415963e-09,"15.7313416006715",15.7313415991095
"X9532","165","1","165",4.24551854590703e-09,1.25040060553065e-09,"15.7313416006715",15.731341604917
"X9871","166","1","166",1.22710203779571e-09,1.29026186615258e-09,"15.7313416006715",15.7313416018986
"X6064","167","1","167",1.66730311675925e-09,1.32098122017792e-09,"15.7313416006715",15.7313416023388
"X9503","168","1","168",-1.33727643140969e-09,1.27917102678806e-09,"15.7313416006715",15.7313415993342
"X9681","169","1","169",1.87324550708814e-09,1.24066177564904e-09,"15.7313416006715",15.7313416025447
"X5717","170","1","170",1.99396996623515e-09,1.30843150333913e-09,"15.7313416006715",15.7313416026655
"X9659","171","1","171",3.30006388260853e-09,1.31664357756812e-09,"15.7313416006715",15.7313416039716
"X6992","172","1","172",1.28785707792338e-09,1.29076592902629e-09,"15.7313416006715",15.7313416019594
"X9838","173","1","173",2.91937934857022e-09,1.29115295366807e-09,"15.7313416006715",15.7313416035909
"X10011","174","1","174",1.01285934526919e-09,1.27992960786534e-09,"15.7313416006715",15.7313416016844
"X9732","175","1","175",-6.39004686391617e-10,1.28423577977975e-09,"15.7313416006715",15.7313416000325
"X9768","176","1","176",1.28368833099461e-09,1.29124058535717e-09,"15.7313416006715",15.7313416019552
"X9824","177","1","177",1.4021161280421e-09,1.31261994949618e-09,"15.7313416006715",15.7313416020736
"X9804","178","1","178",-4.09097615203182e-09,1.33976122338958e-09,"15.7313416006715",15.7313415965805
"X9833","179","1","179",3.63107537196997e-09,1.26621077737562e-09,"15.7313416006715",15.7313416043026
"X6240","180","1","180",1.75084210207939e-09,1.29345584776098e-09,"15.7313416006715",15.7313416024223
"X9991","181","1","181",2.45126914573301e-09,1.26963279373956e-09,"15.7313416006715",15.7313416031228
"X7165","182","1","182",2.70791047663982e-09,1.27655772380213e-09,"15.7313416006715",15.7313416033794
"X6971","183","1","183",2.64064265095323e-09,1.30666488224325e-09,"15.7313416006715",15.7313416033121
"X9719","184","1","184",2.42140396553209e-09,1.27196971160218e-09,"15.7313416006715",15.7313416030929
"X9594","185","1","185",2.44893826682142e-09,1.27048320075186e-09,"15.7313416006715",15.7313416031204
"X9730","186","1","186",-8.86108899083368e-10,1.3225964328838e-09,"15.7313416006715",15.7313415997854
"X424","187","1","187",4.57041295841289e-10,1.33391349754188e-09,"15.7313416006715",15.7313416011285
"X10008","188","1","188",4.532443109184e-11,1.27574146043344e-09,"15.7313416006715",15.7313416007168
"X9590","189","1","189",-3.41745189860073e-09,1.26984353003713e-09,"15.7313416006715",15.731341597254
"X9924","190","1","190",2.78708319384208e-09,1.32407709691208e-09,"15.7313416006715",15.7313416034586
"X9939","191","1","191",-1.70569660950417e-09,1.27681574189713e-09,"15.7313416006715",15.7313415989658
"X9920","192","1","192",4.92345086421843e-11,1.25543920782432e-09,"15.7313416006715",15.7313416007207
"X8264","193","1","193",-5.33512677498029e-10,1.27273217815628e-09,"15.7313416006715",15.731341600138
"X8365","194","1","194",-4.16231109575979e-09,1.34020798657194e-09,"15.7313416006715",15.7313415965092
"X9754","195","1","195",1.48135098375395e-09,1.32125096657065e-09,"15.7313416006715",15.7313416021529
"X7330","196","1","196",3.09021256851313e-09,1.28858514415885e-09,"15.7313416006715",15.7313416037617
"X9298","197","1","197",1.57301276104837e-09,1.29585779915646e-09,"15.7313416006715",15.7313416022445
"X9534","198","1","198",-3.9210292483677e-11,1.31988218675492e-09,"15.7313416006715",15.7313416006323
"X9849","199","1","199",-1.15909438760557e-09,1.23922765969064e-09,"15.7313416006715",15.7313415995124
"X4807","200","1","200",-8.19499610881316e-10,1.27974671036629e-09,"15.7313416006715",15.731341599852
"X6909","201","1","201",-2.63306803823871e-09,1.26506040469679e-09,"15.7313416006715",15.7313415980384
"X7917","202","1","202",3.94152464938262e-09,1.32410785777236e-09,"15.7313416006715",15.731341604613
"X6255","203","1","203",4.91727260172703e-09,1.25633056819595e-09,"15.7313416006715",15.7313416055888
"X9314","204","1","204",-3.95793889574076e-09,1.34894212827937e-09,"15.7313416006715",15.7313415967136
"X9629","205","1","205",1.1362128918265e-09,1.34060000862387e-09,"15.7313416006715",15.7313416018077
"X9673","206","1","206",1.35252153401447e-09,1.27566791432141e-09,"15.7313416006715",15.731341602024
"X8238","207","1","207",-7.48809344146256e-10,1.290809475677e-09,"15.7313416006715",15.7313415999227
"X9710","208","1","208",-1.31546727242779e-09,1.31587244823142e-09,"15.7313416006715",15.731341599356
"X6906","209","1","209",-1.94171147582341e-09,1.31443372223304e-09,"15.7313416006715",15.7313415987298
"X9513","210","1","210",-3.29918737958315e-09,1.33086182412514e-09,"15.7313416006715",15.7313415973723
"X9963","211","1","211",2.13222136471442e-09,1.31913119365599e-09,"15.7313416006715",15.7313416028037
"X6086","212","1","212",-3.84897895772802e-09,1.34571166446538e-09,"15.7313416006715",15.7313415968225
"X7169","213","1","213",-4.84303143365178e-10,1.27952623816694e-09,"15.7313416006715",15.7313416001872
"X9607","214","1","214",1.46548396349187e-09,1.27143018726617e-09,"15.7313416006715",15.731341602137
"X9733","215","1","215",7.45952357867058e-10,1.27406536382789e-09,"15.7313416006715",15.7313416014175
"X6020","216","1","216",2.62303387514022e-09,1.2734630207465e-09,"15.7313416006715",15.7313416032945
"X7103","217","1","217",-3.25785115532555e-10,1.28782966367629e-09,"15.7313416006715",15.7313416003457
"X9637","218","1","218",-4.33728327185553e-10,1.27615538780054e-09,"15.7313416006715",15.7313416002378
"X9749","219","1","219",-4.16415441518156e-09,1.32904656979506e-09,"15.7313416006715",15.7313415965073
"X9560","220","1","220",2.84586748895623e-09,1.3039086036827e-09,"15.7313416006715",15.7313416035174
"X9964","221","1","221",-1.0681194166639e-11,1.34053210561875e-09,"15.7313416006715",15.7313416006608
"X9845","222","1","222",3.18413057757518e-09,1.32642779824637e-09,"15.7313416006715",15.7313416038556
"X7250","223","1","223",-1.36919374150771e-09,1.24307570529054e-09,"15.7313416006715",15.7313415993023
"X7377","224","1","224",1.74245178275005e-09,1.27436790403852e-09,"15.7313416006715",15.731341602414
"X9843","225","1","225",-3.18673956220208e-09,1.28787041069333e-09,"15.7313416006715",15.7313415974848
"X1684","226","1","226",6.64759206074293e-10,1.3047389932354e-09,"15.7313416006715",15.7313416013363
"X9690","227","1","227",3.11790025868933e-09,1.22993406805973e-09,"15.7313416006715",15.7313416037894
"X9735","228","1","228",-1.36424245369606e-09,1.2724170852169e-09,"15.7313416006715",15.7313415993073
"X9705","229","1","229",3.43582829996516e-09,1.36831751483792e-09,"15.7313416006715",15.7313416041073
"X6024","230","1","230",4.84104832025063e-09,1.32897671818168e-09,"15.7313416006715",15.7313416055125
"X9855","231","1","231",3.11805405511512e-09,1.27538471298328e-09,"15.7313416006715",15.7313416037896
"X9867","232","1","232",3.55126303601482e-09,1.28821501759956e-09,"15.7313416006715",15.7313416042228
"X9946","233","1","233",2.69751058200448e-09,1.2612205702702e-09,"15.7313416006715",15.731341603369
"X9553","234","1","234",-2.87446139965766e-09,1.29196618904173e-09,"15.7313416006715",15.731341597797
"X7477","235","1","235",-5.91171828964546e-10,1.3913682518244e-09,"15.7313416006715",15.7313416000803
"X9995","236","1","236",-1.11977888135634e-09,1.27168175406675e-09,"15.7313416006715",15.7313415995517
"X9795","237","1","237",-1.62137836007976e-09,1.27496573759115e-09,"15.7313416006715",15.7313415990501
"X10002","238","1","238",-1.7025255296585e-09,1.29485150815002e-09,"15.7313416006715",15.731341598969
"X5907","239","1","239",-4.0961301130592e-09,1.27755336807803e-09,"15.7313416006715",15.7313415965754
"X1002","240","1","240",5.73116609173361e-10,1.26310669125293e-09,"15.7313416006715",15.7313416012446
"X6943","241","1","241",-4.86548451859018e-09,1.28106463136234e-09,"15.7313416006715",15.731341595806
"X9784","242","1","242",-5.07806582554624e-09,1.27799879302302e-09,"15.7313416006715",15.7313415955934
"X9759","243","1","243",-1.51686389863381e-09,1.25333735964993e-09,"15.7313416006715",15.7313415991546
"X9578","244","1","244",-2.94301112884889e-09,1.27226735031702e-09,"15.7313416006715",15.7313415977285
"X9078","245","1","245",-2.4021318775484e-09,1.28476296012218e-09,"15.7313416006715",15.7313415982694
"X8428","246","1","246",-2.50490055942357e-09,1.26336083881034e-09,"15.7313416006715",15.7313415981666
"X9888","247","1","247",-3.13371224825969e-09,1.25504362868068e-09,"15.7313416006715",15.7313415975378
"X6445","248","1","248",-1.71152143230096e-09,1.26494367135082e-09,"15.7313416006715",15.73134159896
"X9608","249","1","249",-1.69656936273037e-09,1.2718049276746e-09,"15.7313416006715",15.7313415989749
"X9870","250","1","250",-3.67527844932338e-09,1.26356543856196e-09,"15.7313416006715",15.7313415969962
"X9909","251","1","251",-3.17844509770349e-09,1.24879090755532e-09,"15.7313416006715",15.7313415974931
"X7244","252","1","252",-1.50944997450095e-09,1.25836378765022e-09,"15.7313416006715",15.7313415991621
"X9827","253","1","253",1.50335828981017e-09,1.27211384332923e-09,"15.7313416006715",15.7313416021749
"X8235","254","1","254",2.64654982867726e-09,1.25159995375774e-09,"15.7313416006715",15.7313416033181
"X9095","255","1","255",-2.19926505525164e-11,1.25827870114061e-09,"15.7313416006715",15.7313416006495
"X9105","256","1","256",-3.52176390760733e-10,1.25522646748247e-09,"15.7313416006715",15.7313416003193
"X9786","257","1","257",-5.21011006510337e-10,1.29265830961758e-09,"15.7313416006715",15.7313416001505
"X9737","258","1","258",-4.49983058098262e-09,1.33150657216412e-09,"15.7313416006715",15.7313415961717
"X5644","259","1","259",-7.68729027275557e-09,1.33503941484236e-09,"15.7313416006715",15.7313415929842
"X7218","260","1","260",-8.03137501288114e-09,1.33150729208433e-09,"15.7313416006715",15.7313415926401
"X5395","261","1","261",-6.91003353187174e-09,1.33234392980315e-09,"15.7313416006715",15.7313415937615
"X9698","262","1","262",-6.90586001326587e-09,1.31712293586112e-09,"15.7313416006715",15.7313415937656
"X8353","263","1","263",-7.10121262862044e-09,1.31962639490449e-09,"15.7313416006715",15.7313415935703
"X6744","264","1","264",-4.48002058829007e-09,1.32460830290223e-09,"15.7313416006715",15.7313415961915
"X8247","265","1","265",1.15262375721022e-09,1.26548040987878e-09,"15.7313416006715",15.7313416018241
"X9666","266","1","266",-4.58056900802701e-10,1.26396678330248e-09,"15.7313416006715",15.7313416002134
"X6830","267","1","267",-3.59587196333648e-09,1.43333179067717e-09,"15.7313416006715",15.7313415970756
"X6284","268","1","268",5.44241707177884e-10,1.40588724224471e-09,"15.7313416006715",15.7313416012157
"X9985","269","1","269",-2.15364731328611e-10,1.41796596393193e-09,"15.7313416006715",15.7313416004561
"X6171","270","1","270",5.23767005554938e-09,1.33282213166729e-09,"15.7313416006715",15.7313416059092
"X9957","271","1","271",5.89233652829319e-09,1.33520763756835e-09,"15.7313416006715",15.7313416065638
"X265","272","1","272",2.87497673350277e-09,1.30004941306323e-09,"15.7313416006715",15.7313416035465
"X1158","273","1","273",1.08856817506625e-09,1.29508245419538e-09,"15.7313416006715",15.7313416017601
"X7111","274","1","274",1.3028336933364e-09,1.29601964334804e-09,"15.7313416006715",15.7313416019743
"X7355","275","1","275",-3.4406451767268e-09,1.4317997609124e-09,"15.7313416006715",15.7313415972309
"X9111","276","1","276",3.24301944574108e-09,1.29670117547011e-09,"15.7313416006715",15.7313416039145
"X4884","277","1","277",6.24906818170804e-09,1.30198522245062e-09,"15.7313416006715",15.7313416069206
"X9549","278","1","278",-2.38896111908169e-09,1.31628003353651e-09,"15.7313416006715",15.7313415982825
"X6169","279","1","279",-1.17494100933764e-09,1.2423901300673e-09,"15.7313416006715",15.7313415994966
"X9682","280","1","280",-1.66446474690661e-09,1.36589350828242e-09,"15.7313416006715",15.731341599007
"X7288","281","1","281",-2.27164973954607e-09,1.34830470290295e-09,"15.7313416006715",15.7313415983999
"X2370","282","1","282",-2.05277300205535e-09,1.31602185068257e-09,"15.7313416006715",15.7313415986187
"X8275","283","1","283",-2.56351466537449e-09,1.30904388824852e-09,"15.7313416006715",15.731341598108
"X9882","284","1","284",-2.89468625401090e-09,1.31282548978005e-09,"15.7313416006715",15.7313415977768
"X9831","285","1","285",-2.22174436625163e-10,1.35059068075215e-09,"15.7313416006715",15.7313416004493
"X6900","286","1","286",-1.1021934955023e-09,1.30280964882122e-09,"15.7313416006715",15.7313415995693
"X7202","287","1","287",-2.79681285465368e-09,1.29728643113999e-09,"15.7313416006715",15.7313415978747
"X6390","288","1","288",4.94554704665241e-09,1.2775681368402e-09,"15.7313416006715",15.731341605617
"X6107","289","1","289",-3.2530415361219e-09,1.50219327639416e-09,"15.7313416006715",15.7313415974185
"X9514","290","1","290",1.47001541318444e-09,1.29816019658943e-09,"15.7313416006715",15.7313416021415
"X9826","291","1","291",7.45444291281803e-10,1.29754802803244e-09,"15.7313416006715",15.7313416014169
"X7282","292","1","292",4.07816896272795e-10,1.33506749288008e-09,"15.7313416006715",15.7313416010793
"X6198","293","1","293",-1.99097860651237e-09,1.27778016958609e-09,"15.7313416006715",15.7313415986805
"X9533","294","1","294",2.24661711249013e-10,1.28102764311602e-09,"15.7313416006715",15.7313416008962
"X9881","295","1","295",9.74364377751047e-10,1.40007274903943e-09,"15.7313416006715",15.7313416016459
"X6923","296","1","296",-2.68847448831984e-09,1.42728993728407e-09,"15.7313416006715",15.731341597983
"X6106","297","1","297",2.66427253926714e-09,1.32625749298177e-09,"15.7313416006715",15.7313416033358
"X9803","298","1","298",6.0524906566784e-10,1.31321193073189e-09,"15.7313416006715",15.7313416012767
"X9517","299","1","299",-7.16228325815251e-09,1.32688387628213e-09,"15.7313416006715",15.7313415935092
"X9114","300","1","300",-2.11248447046656e-09,1.36863723056266e-09,"15.7313416006715",15.731341598559
"X997","301","1","301",2.07622859409098e-09,1.35057565908992e-09,"15.7313416006715",15.7313416027477
"X2317","302","1","302",-6.74329612076242e-10,1.2870018041439e-09,"15.7313416006715",15.7313415999972
"X9748","303","1","303",-3.92773493941581e-09,1.54988413561476e-09,"15.7313416006715",15.7313415967438
"X9894","304","1","304",-1.29611780659438e-09,1.34684014503713e-09,"15.7313416006715",15.7313415993754
"X9983","305","1","305",6.45574296940572e-10,1.42304306886396e-09,"15.7313416006715",15.7313416013171
"X9706","306","1","306",-5.37879759078136e-09,1.31327207174897e-09,"15.7313416006715",15.7313415952927
"X9885","307","1","307",-1.13758648940323e-09,1.30868028411137e-09,"15.7313416006715",15.7313415995339
"X7384","308","1","308",1.05211757228812e-10,1.29179556724058e-09,"15.7313416006715",15.7313416007767
"X5800","309","1","309",-6.04288572067055e-09,1.54815311561389e-09,"15.7313416006715",15.7313415946286
"X9806","310","1","310",-8.00703520561233e-09,1.51858601633609e-09,"15.7313416006715",15.7313415926645
"X9966","311","1","311",7.0572316226427e-10,1.29068553972508e-09,"15.7313416006715",15.7313416013772
"X9433","312","1","312",-5.9898956667227e-09,1.54390931925018e-09,"15.7313416006715",15.7313415946816
"X5798","313","1","313",9.42032523026384e-10,1.37950680798911e-09,"15.7313416006715",15.7313416016135
"X8334","314","1","314",3.30487368465599e-09,1.32772573233424e-09,"15.7313416006715",15.7313416039764
"X9976","315","1","315",7.64137455078605e-10,1.3357808989621e-09,"15.7313416006715",15.7313416014356
"X9892","316","1","316",-5.16976050768371e-09,1.51839504110023e-09,"15.7313416006715",15.7313415955017
"X9640","317","1","317",-2.25821896693534e-09,1.40920700836736e-09,"15.7313416006715",15.7313415984133
"X9121","318","1","318",1.83320787025206e-09,1.28921307138602e-09,"15.7313416006715",15.7313416025047
"X9947","319","1","319",1.82776767626186e-09,1.34270970710057e-09,"15.7313416006715",15.7313416024993
"X7186","320","1","320",-3.45056093103848e-09,1.34280256315553e-09,"15.7313416006715",15.7313415972209
"X9728","321","1","321",-5.78012153530948e-09,1.55157806831956e-09,"15.7313416006715",15.7313415948914
"X9823","322","1","322",-1.10197451074405e-09,1.36341807130239e-09,"15.7313416006715",15.7313415995695
"X8325","323","1","323",-5.5932862206614e-09,1.46495753378152e-09,"15.7313416006715",15.7313415950782
"X1435","324","1","324",1.38752913379807e-09,1.29207273574376e-09,"15.7313416006715",15.731341602059
"X2278","325","1","325",-2.12400374872414e-09,1.31984801844124e-09,"15.7313416006715",15.7313415985475
"X9624","326","1","326",-1.08817299894624e-09,1.29343343889013e-09,"15.7313416006715",15.7313415995833
"X6908","327","1","327",1.50063149752353e-09,1.28874822443018e-09,"15.7313416006715",15.7313416021721
"X9875","328","1","328",-1.94587882248677e-09,1.41824197485735e-09,"15.7313416006715",15.7313415987256
"X9814","329","1","329",-4.30300925236643e-09,1.45214824083217e-09,"15.7313416006715",15.7313415963685
"X5831","330","1","330",4.24626102648092e-09,1.30902366180888e-09,"15.7313416006715",15.7313416049178
"X9519","331","1","331",-3.82042535461037e-09,1.44839831723293e-09,"15.7313416006715",15.7313415968511
"X9683","332","1","332",-1.02800078701487e-09,1.44202965149649e-09,"15.7313416006715",15.7313415996435
"X7164","333","1","333",5.80410578782988e-09,1.25179131883829e-09,"15.7313416006715",15.7313416064756
"X9800","334","1","334",1.53828863722544e-09,1.33173790761127e-09,"15.7313416006715",15.7313416022098
"X9619","335","1","335",-3.10625948827365e-09,1.36649037860995e-09,"15.7313416006715",15.7313415975652
"X9525","336","1","336",2.91129291239906e-09,1.31254159348833e-09,"15.7313416006715",15.7313416035828
"X8357","337","1","337",-1.07846253324021e-09,1.45033682293e-09,"15.7313416006715",15.731341599593
"X9102","338","1","338",4.10071088722589e-09,1.28134372662624e-09,"15.7313416006715",15.7313416047722
"X9805","339","1","339",-8.93493311979883e-10,1.3210489701148e-09,"15.7313416006715",15.731341599778
"X7327","340","1","340",-1.96670751479369e-10,1.27486549480077e-09,"15.7313416006715",15.7313416004748
"X7353","341","1","341",1.17505837168024e-09,1.42892125420221e-09,"15.7313416006715",15.7313416018466
"X5741","342","1","342",-5.42606288064748e-09,1.48952697474744e-09,"15.7313416006715",15.7313415952454
"X9970","343","1","343",3.19134805589924e-10,1.26398930232816e-09,"15.7313416006715",15.7313416009906
"X10012","344","1","344",4.8534630520933e-09,1.29033065947518e-09,"15.7313416006715",15.731341605525
"X7328","345","1","345",1.60451242017027e-09,1.35309886685776e-09,"15.7313416006715",15.731341602276
"X9103","346","1","346",-5.23328705804792e-10,1.29780694585235e-09,"15.7313416006715",15.7313416001482
"X9653","347","1","347",-2.87785382527525e-09,1.49130641297864e-09,"15.7313416006715",15.7313415977936
"X9511","348","1","348",2.049436270766e-09,1.27961133160633e-09,"15.7313416006715",15.7313416027209
"X9615","349","1","349",-4.24712580493287e-09,1.30389795921373e-09,"15.7313416006715",15.7313415964244
"X5276","350","1","350",-1.38136818919004e-09,1.27029162140286e-09,"15.7313416006715",15.7313415992901
"X8244","351","1","351",-2.0239623867755e-09,1.43819085794892e-09,"15.7313416006715",15.7313415986475
"X9600","352","1","352",-2.07674827932454e-09,1.48897824626701e-09,"15.7313416006715",15.7313415985948
"X9731","353","1","353",-1.28341381896725e-09,1.31097327676711e-09,"15.7313416006715",15.7313415993881
"X6937","354","1","354",1.11332631250516e-09,1.28588751548178e-09,"15.7313416006715",15.7313416017848
"X6203","355","1","355",2.76466594950874e-10,1.31558008788766e-09,"15.7313416006715",15.731341600948
"X6166","356","1","356",-7.16841393086849e-09,1.52496077208572e-09,"15.7313416006715",15.7313415935031
"X9828","357","1","357",3.60459366716827e-09,1.27915164734274e-09,"15.7313416006715",15.7313416042761
"X9780","358","1","358",-7.44872424989388e-09,1.54039551490905e-09,"15.7313416006715",15.7313415932228
"X9421","359","1","359",1.31734762009255e-09,1.30281836234987e-09,"15.7313416006715",15.7313416019888
"X9613","360","1","360",-3.13256570472011e-09,1.32900962402332e-09,"15.7313416006715",15.7313415975389
"X9927","361","1","361",-3.96976340674178e-09,1.35255303421239e-09,"15.7313416006715",15.7313415967017
"X10009","362","1","362",-1.61363904757476e-09,1.36107425513625e-09,"15.7313416006715",15.7313415990579
"X9081","363","1","363",-6.41853991062769e-10,1.33487618187677e-09,"15.7313416006715",15.7313416000296
"X9133","364","1","364",-1.26686413394929e-09,1.35883425952906e-09,"15.7313416006715",15.7313415994046
"X6217","365","1","365",-4.00184030199704e-09,1.38250522556385e-09,"15.7313416006715",15.7313415966697
"X9648","366","1","366",-4.05113067152716e-09,1.38162977564416e-09,"15.7313416006715",15.7313415966204
"X9559","367","1","367",-2.61790588740981e-09,1.37793724389648e-09,"15.7313416006715",15.7313415980536
"X9707","368","1","368",6.03578550493995e-10,1.24352268669011e-09,"15.7313416006715",15.7313416012751
"X9807","369","1","369",-1.97520215219597e-09,1.3697920337301e-09,"15.7313416006715",15.7313415986963
"X6220","370","1","370",-9.38144640596876e-10,1.36670902884034e-09,"15.7313416006715",15.7313415997334
"X9321","371","1","371",-8.94740521231921e-10,1.36370338519641e-09,"15.7313416006715",15.7313415997768
"X7013","372","1","372",-6.37753710963103e-09,1.39013480052879e-09,"15.7313416006715",15.731341594294
"X8259","373","1","373",-5.52551195649174e-09,1.38107215807998e-09,"15.7313416006715",15.731341595146
"X9948","374","1","374",-5.77438057491079e-09,1.38914979229112e-09,"15.7313416006715",15.7313415948971
"X9775","375","1","375",-4.4576204307988e-10,1.27217712557021e-09,"15.7313416006715",15.7313416002257
"X5921","376","1","376",-1.7940521093752e-09,1.32924845118144e-09,"15.7313416006715",15.7313415988774
"X159","377","1","377",-1.50071399813666e-09,1.37031884047666e-09,"15.7313416006715",15.7313415991708
"X6145","378","1","378",-3.52681611349041e-09,1.38208125020973e-09,"15.7313416006715",15.7313415971447
"X9610","379","1","379",-2.54897857214672e-09,1.37343676184656e-09,"15.7313416006715",15.7313415981225
"X9621","380","1","380",-2.6622909361859e-09,1.36694036263578e-09,"15.7313416006715",15.7313415980092
"X8419","381","1","381",-3.30860685286357e-09,1.3758684230695e-09,"15.7313416006715",15.7313415973629
"X9631","382","1","382",-4.30714121862203e-09,1.38508470084971e-09,"15.7313416006715",15.7313415963644
"X9998","383","1","383",-3.87892564480983e-09,1.38733091175027e-09,"15.7313416006715",15.7313415967926
"X763","384","1","384",-6.53370287579745e-09,1.35709741842409e-09,"15.7313416006715",15.7313415941378
"X9520","385","1","385",-2.90982894339213e-09,1.36098339864541e-09,"15.7313416006715",15.7313415977617
"X9527","386","1","386",-2.42636785959674e-09,1.38817443705399e-09,"15.7313416006715",15.7313415982451
"X9876","387","1","387",-2.58284912907854e-09,1.38257904245886e-09,"15.7313416006715",15.7313415980887
"X9591","388","1","388",-2.63828295365377e-09,1.36103929022592e-09,"15.7313416006715",15.7313415980332
"X8351","389","1","389",-2.06104385087103e-09,1.35548020490619e-09,"15.7313416006715",15.7313415986105
"X7248","390","1","390",-4.49769433511871e-09,1.38981262471739e-09,"15.7313416006715",15.7313415961738
"X6025","391","1","391",-2.68096085713666e-09,1.38131601051399e-09,"15.7313416006715",15.7313415979905
"X8231","392","1","392",3.79219353855545e-09,1.22017664511141e-09,"15.7313416006715",15.7313416044637
"X5023","393","1","393",9.64049169690105e-10,1.23778092699986e-09,"15.7313416006715",15.7313416016355
"X9565","394","1","394",-1.43455208751604e-09,1.24070042985042e-09,"15.7313416006715",15.7313415992369
"X9755","395","1","395",-1.41161271366872e-09,1.23955693061285e-09,"15.7313416006715",15.7313415992599
"X9877","396","1","396",1.09575807091757e-09,1.21867846330927e-09,"15.7313416006715",15.7313416017673
"X9661","397","1","397",3.23479941922957e-10,1.22676660232878e-09,"15.7313416006715",15.731341600995
"X9100","398","1","398",1.7736961385758e-09,1.22187716135076e-09,"15.7313416006715",15.7313416024452
"X7418","399","1","399",-1.64457294765837e-09,1.24810043516182e-09,"15.7313416006715",15.7313415990269
"X9581","400","1","400",2.11983743742467e-09,1.22268019517602e-09,"15.7313416006715",15.7313416027913
"X4826","401","1","401",5.63249659379547e-10,1.20935577480852e-09,"15.7313416006715",15.7313416012347
"X9663","402","1","402",-3.81016831651469e-09,1.21832821561595e-09,"15.7313416006715",15.7313415968613
"X1317","403","1","403",5.1890448711518e-09,1.24148697806985e-09,"15.7313416006715",15.7313416058605
"X9680","404","1","404",4.76287513615963e-10,1.23493068585414e-09,"15.7313416006715",15.7313416011478
"X9727","405","1","405",1.76240098282679e-09,1.2430186608681e-09,"15.7313416006715",15.7313416024339
"X9990","406","1","406",3.57631397512447e-09,1.22261532245524e-09,"15.7313416006715",15.7313416042478
"X9573","407","1","407",4.50726369359351e-09,1.28252213631749e-09,"15.7313416006715",15.7313416051788
"X7320","408","1","408",3.50301244969382e-09,1.28508718290814e-09,"15.7313416006715",15.7313416041745
"X9557","409","1","409",3.11814242322414e-09,1.24296485222224e-09,"15.7313416006715",15.7313416037896
"X9617","410","1","410",2.82940018650828e-09,1.28110364735542e-09,"15.7313416006715",15.7313416035009
"X9778","411","1","411",1.66223673498848e-09,1.30391710770184e-09,"15.7313416006715",15.7313416023337
"X9790","412","1","412",2.75556748289878e-09,1.28053663471853e-09,"15.7313416006715",15.7313416034271
"X6138","413","1","413",3.33163811977338e-09,1.26815569907376e-09,"15.7313416006715",15.7313416040031
"X9404","414","1","414",3.3450800705445e-09,1.266929133128e-09,"15.7313416006715",15.7313416040166
"X7404","415","1","415",3.24951029299261e-09,1.26387742188343e-09,"15.7313416006715",15.731341603921
"X9846","416","1","416",3.27428337642211e-09,1.26570876203969e-09,"15.7313416006715",15.7313416039458
"X6966","417","1","417",3.17975129709407e-09,1.26883874941975e-09,"15.7313416006715",15.7313416038513
"X410","418","1","418",2.14514945085116e-09,1.26978941703496e-09,"15.7313416006715",15.7313416028167
"X9606","419","1","419",3.55777201438479e-09,1.26896055958094e-09,"15.7313416006715",15.7313416042293
"X9611","420","1","420",4.38435833996594e-09,1.2780720227634e-09,"15.7313416006715",15.7313416050559
"X9562","421","1","421",2.34458194811231e-09,1.26718082503949e-09,"15.7313416006715",15.7313416030161
"X9942","422","1","422",1.46167416086376e-09,1.22110396173455e-09,"15.7313416006715",15.7313416021332
"X5984","423","1","423",-9.26482966090818e-11,1.21586355905002e-09,"15.7313416006715",15.7313416005789
"X870","424","1","424",7.3520278270849e-10,1.20445617452092e-09,"15.7313416006715",15.7313416014067
"X9564","425","1","425",-3.92541460926846e-09,1.24912262293843e-09,"15.7313416006715",15.7313415967461
"X9597","426","1","426",-5.90273355620065e-10,1.21829379145001e-09,"15.7313416006715",15.7313416000812
"X9526","427","1","427",2.75441886022927e-10,1.2264635857474e-09,"15.7313416006715",15.7313416009469
"X7231","428","1","428",-3.58356306355031e-10,1.24170355741355e-09,"15.7313416006715",15.7313416003131
"X6111","429","1","429",2.63031459343898e-09,1.2281729305259e-09,"15.7313416006715",15.7313416033018
"X10017","430","1","430",-1.06504630261683e-09,1.24409515362642e-09,"15.7313416006715",15.7313415996065
"X9644","431","1","431",-2.63947809113984e-09,1.27613567198206e-09,"15.7313416006715",15.731341598032
"X9933","432","1","432",-2.5867615090774e-09,1.22724182839081e-09,"15.7313416006715",15.7313415980847
"X8266","433","1","433",9.19763360600058e-10,1.21857975425212e-09,"15.7313416006715",15.7313416015913
"X728","434","1","434",-1.79127574646444e-10,1.24578937470081e-09,"15.7313416006715",15.7313416004924
"X9099","435","1","435",7.01199808637159e-10,1.20438511212421e-09,"15.7313416006715",15.7313416013727
"X1066","436","1","436",3.92104588217257e-09,1.21615927328614e-09,"15.7313416006715",15.7313416045925
"X9844","437","1","437",-2.06861721937527e-09,1.22602467465728e-09,"15.7313416006715",15.7313415986029
"X9969","438","1","438",-6.40433668722645e-10,1.24554223104213e-09,"15.7313416006715",15.7313416000311
"X9960","439","1","439",-3.946741217508e-10,1.19538143520029e-09,"15.7313416006715",15.7313416002768
"X9868","440","1","440",1.26393241888438e-09,1.23372063901764e-09,"15.7313416006715",15.7313416019354
"X6241","441","1","441",7.03379909224691e-10,1.24288549197150e-09,"15.7313416006715",15.7313416013749
"X9541","442","1","442",2.88375939080623e-09,1.27316110279194e-09,"15.7313416006715",15.7313416035553
"X9769","443","1","443",2.10956998624998e-09,1.25071447785469e-09,"15.7313416006715",15.7313416027811
"X9965","444","1","444",3.67585177160249e-10,1.2112155329503e-09,"15.7313416006715",15.7313416010391
"X9508","445","1","445",-1.38025822144355e-09,1.22857895268449e-09,"15.7313416006715",15.7313415992912
"X9713","446","1","446",3.75368523199406e-09,1.28632628162674e-09,"15.7313416006715",15.7313416044252
"X9762","447","1","447",3.3404354220639e-09,1.23867036440333e-09,"15.7313416006715",15.7313416040119
"X9945","448","1","448",3.40852154368484e-09,1.26153246836006e-09,"15.7313416006715",15.73134160408
"X9905","449","1","449",9.92760833141249e-10,1.24319208181248e-09,"15.7313416006715",15.7313416016643
"X9802","450","1","450",2.73832602467042e-09,1.27316324835841e-09,"15.7313416006715",15.7313416034098
"X6976","451","1","451",2.04129894625361e-09,1.26345059321094e-09,"15.7313416006715",15.7313416027128
"X9089","452","1","452",2.98243268912125e-09,1.27669240400625e-09,"15.7313416006715",15.7313416036539
"X9904","453","1","453",2.68620573793522e-09,1.25684391206631e-09,"15.7313416006715",15.7313416033577
"X1954","454","1","454",-1.17382861283584e-09,1.23450640861299e-09,"15.7313416006715",15.7313415994977
"X5811","455","1","455",-2.17385349193624e-09,1.38622744065516e-09,"15.7313416006715",15.7313415984976
"X9747","456","1","456",-4.49208725740793e-10,1.21122375723796e-09,"15.7313416006715",15.7313416002223
"X9930","457","1","457",2.15556496729222e-09,1.22932939580663e-09,"15.7313416006715",15.7313416028271
"X9656","458","1","458",1.73759798183203e-09,1.22333334539853e-09,"15.7313416006715",15.7313416024091
"X8233","459","1","459",-2.59121925135788e-10,1.2466208511103e-09,"15.7313416006715",15.7313416004124
"X9067","460","1","460",5.74162481692967e-10,1.223158524471e-09,"15.7313416006715",15.7313416012457
"X9972","461","1","461",1.06280918892018e-09,1.39596780581257e-09,"15.7313416006715",15.7313416017343
"X9902","462","1","462",-3.26468027892745e-10,1.19857632233739e-09,"15.7313416006715",15.731341600345
"X9583","463","1","463",5.06626910337006e-10,1.20357325422235e-09,"15.7313416006715",15.7313416011781
"X1925","464","1","464",-8.78703830818672e-10,1.2338327603729e-09,"15.7313416006715",15.7313415997928
"X8077","465","1","465",3.3603673464316e-10,1.23398274325873e-09,"15.7313416006715",15.7313416010075
"X9789","466","1","466",-1.08083000595245e-09,1.24204541803712e-09,"15.7313416006715",15.7313415995907
"X9524","467","1","467",4.45038598006727e-10,1.20612309665464e-09,"15.7313416006715",15.7313416011165
"X6009","468","1","468",2.67370004385887e-09,1.21515559980086e-09,"15.7313416006715",15.7313416033452
"X9852","469","1","469",-3.88689931695573e-09,1.24860745551933e-09,"15.7313416006715",15.7313415967846
"X9851","470","1","470",-5.25985160647812e-09,1.42643841118416e-09,"15.7313416006715",15.7313415954116
"X139","471","1","471",-9.48420015217032e-10,1.26902304267676e-09,"15.7313416006715",15.7313415997231
"X5353","472","1","472",5.52342955709698e-09,1.28047903556835e-09,"15.7313416006715",15.7313416061949
"X9547","473","1","473",4.48595476384647e-09,1.27310938688689e-09,"15.7313416006715",15.7313416051575
"X5874","474","1","474",2.01846559582513e-09,1.28520437394393e-09,"15.7313416006715",15.73134160269
"X7427","475","1","475",1.04316042739857e-09,1.26091844777841e-09,"15.7313416006715",15.7313416017147
"X9944","476","1","476",2.36685750842103e-09,1.29261244458071e-09,"15.7313416006715",15.7313416030384
"X5860","477","1","477",3.67137912191019e-09,1.28693662122844e-09,"15.7313416006715",15.7313416043429
"X7521","478","1","478",6.63776676606633e-10,1.28178715702244e-09,"15.7313416006715",15.7313416013353
"X9708","479","1","479",-5.11129000554766e-09,1.24645100636906e-09,"15.7313416006715",15.7313415955602
"X9770","480","1","480",3.41205380618444e-09,1.29171792023487e-09,"15.7313416006715",15.7313416040836
"X915","481","1","481",9.55077567500055e-10,1.27537206114373e-09,"15.7313416006715",15.7313416016266
"X9848","482","1","482",8.77922406902399e-10,1.26688574877533e-09,"15.7313416006715",15.7313416015494
"X9601","483","1","483",2.06694662429159e-09,1.27759714960816e-09,"15.7313416006715",15.7313416027384
"X7346","484","1","484",7.01165245393888e-10,1.27401181452776e-09,"15.7313416006715",15.7313416013727
"X5890","485","1","485",1.49218627706082e-09,1.35258302232202e-09,"15.7313416006715",15.7313416021637
"X8132","486","1","486",1.37848672487429e-09,1.28398893630803e-09,"15.7313416006715",15.73134160205
"X9408","487","1","487",3.46859351497642e-09,1.26859173495183e-09,"15.7313416006715",15.7313416041401
"X9104","488","1","488",3.47176120102272e-09,1.24900393024947e-09,"15.7313416006715",15.7313416041433
"X9510","489","1","489",4.64369744617091e-09,1.28441108211992e-09,"15.7313416006715",15.7313416053152
"X9987","490","1","490",1.21855613322738e-09,1.26586436693336e-09,"15.7313416006715",15.7313416018901
"X9899","491","1","491",-1.77737686793892e-09,1.25681556889529e-09,"15.7313416006715",15.7313415988941
"X6038","492","1","492",2.61735070399819e-09,1.279451478606e-09,"15.7313416006715",15.7313416032889
"X9886","493","1","493",1.86390892835272e-09,1.27929268598101e-09,"15.7313416006715",15.7313416025354
"X9609","494","1","494",7.19971344052165e-10,1.25423855347142e-09,"15.7313416006715",15.7313416013915
"X9937","495","1","495",2.99683297795304e-09,1.26537554065967e-09,"15.7313416006715",15.7313416036683
"X9743","496","1","496",1.81650336948724e-09,1.25749666974676e-09,"15.7313416006715",15.731341602488
"X9506","497","1","497",2.92761945320872e-11,1.25552083432179e-09,"15.7313416006715",15.7313416007008
"X9551","498","1","498",1.78996101264836e-09,1.27844155535381e-09,"15.7313416006715",15.7313416024615
"X6140","499","1","499",3.29952768171234e-09,1.265097772586e-09,"15.7313416006715",15.731341603971
"X8284","500","1","500",3.04196807050042e-09,1.24992075289348e-09,"15.7313416006715",15.7313416037135
"X9588","501","1","501",4.64654495675754e-09,1.28608458287752e-09,"15.7313416006715",15.731341605318
"X9856","502","1","502",3.50149752074955e-09,1.27628379752613e-09,"15.7313416006715",15.731341604173
"X9593","503","1","503",4.29472147549656e-09,1.26638603129021e-09,"15.7313416006715",15.7313416049662
"X9712","504","1","504",1.18910615556021e-09,1.29250008544625e-09,"15.7313416006715",15.7313416018606
"X7413","505","1","505",3.71451992704041e-09,1.25685165806136e-09,"15.7313416006715",15.731341604386
"X9791","506","1","506",-4.18500396790856e-10,1.27185483937489e-09,"15.7313416006715",15.731341600253
"X6917","507","1","507",9.80590719763672e-10,1.26456870609194e-09,"15.7313416006715",15.7313416016521
"X9797","508","1","508",-7.17368092988208e-10,1.28200679307856e-09,"15.7313416006715",15.7313415999541
"X9866","509","1","509",3.94174568918889e-09,1.26384318465854e-09,"15.7313416006715",15.7313416046132
"X9696","510","1","510",2.55247550983436e-09,1.28210435755893e-09,"15.7313416006715",15.731341603224
"X5784","511","1","511",3.59649194771838e-09,1.26106503373416e-09,"15.7313416006715",15.731341604268
"X9704","512","1","512",3.63364953691283e-09,1.28790816443628e-09,"15.7313416006715",15.7313416043052
"X9592","513","1","513",4.05484994248674e-09,1.25876150402849e-09,"15.7313416006715",15.7313416047264
"X9646","514","1","514",1.90312399986479e-09,1.24406389522014e-09,"15.7313416006715",15.7313416025746
"X6017","515","1","515",1.77619206684741e-09,1.28054830860541e-09,"15.7313416006715",15.7313416024477
"X8337","516","1","516",2.02781606068448e-09,1.24960136968034e-09,"15.7313416006715",15.7313416026993
"X9626","517","1","517",-2.0350609598035e-09,1.33581861370206e-09,"15.7313416006715",15.7313415986364
"X9091","518","1","518",1.18523119432792e-09,1.29598401748798e-09,"15.7313416006715",15.7313416018567
"X5837","519","1","519",3.24267854126973e-09,1.32357935673592e-09,"15.7313416006715",15.7313416039142
"X9386","520","1","520",-1.58805383936867e-09,1.27009187651434e-09,"15.7313416006715",15.7313415990834
"X9799","521","1","521",-7.32225512774724e-10,1.31944341469027e-09,"15.7313416006715",15.7313415999393
"X9962","522","1","522",-3.5871271722223e-09,1.34682254971996e-09,"15.7313416006715",15.7313415970844
"X9079","523","1","523",2.96883127797338e-09,1.26643000917192e-09,"15.7313416006715",15.7313416036403
"X9587","524","1","524",-5.06070106694767e-11,1.25929686047195e-09,"15.7313416006715",15.7313416006209
"X9602","525","1","525",2.46452598982589e-09,1.27483282782539e-09,"15.7313416006715",15.731341603136
"X9949","526","1","526",-1.68566524617078e-09,1.34085879492516e-09,"15.7313416006715",15.7313415989858
"X6434","527","1","527",-6.16950877489209e-10,1.30134450903284e-09,"15.7313416006715",15.7313416000546
"X8430","528","1","528",-7.22016485430006e-09,1.5457864339612e-09,"15.7313416006715",15.7313415934513
"X9794","529","1","529",-3.45953679302482e-09,1.33265239640941e-09,"15.7313416006715",15.731341597212
"X9798","530","1","530",-4.11700001737213e-09,1.34298283841489e-09,"15.7313416006715",15.7313415965545
"X9993","531","1","531",1.16038506706929e-10,1.27098480531538e-09,"15.7313416006715",15.7313416007875
"X6041","532","1","532",2.22630673006044e-09,1.2779743848039e-09,"15.7313416006715",15.7313416028978
"X403","533","1","533",-3.61733659719912e-10,1.32399746002067e-09,"15.7313416006715",15.7313416003098
"X9586","534","1","534",-2.96119514179359e-09,1.43096150486643e-09,"15.7313416006715",15.7313415977103
"X9950","535","1","535",6.30077786157215e-10,1.33353030076023e-09,"15.7313416006715",15.7313416013016
"X9864","536","1","536",-1.17265090153101e-10,1.33906279425417e-09,"15.7313416006715",15.7313416005542
"X9561","537","1","537",-1.99025178090272e-10,1.4445037820221e-09,"15.7313416006715",15.7313416004725
"X7316","538","1","538",-3.55221247953052e-09,1.34953640214572e-09,"15.7313416006715",15.7313415971193
"X9999","539","1","539",3.14329078374191e-09,1.28957263374167e-09,"15.7313416006715",15.7313416038148
"X9834","540","1","540",1.101008503335e-09,1.31529527225801e-09,"15.7313416006715",15.7313416017725
"X9853","541","1","541",1.46498525267913e-09,1.30310212704813e-09,"15.7313416006715",15.7313416021365
"X9535","542","1","542",1.34037551034494e-09,1.39284327437292e-09,"15.7313416006715",15.7313416020119
"X9725","543","1","543",1.69722209723612e-09,1.29308995349188e-09,"15.7313416006715",15.7313416023687
"X687","544","1","544",-3.48858710962308e-09,1.34450458775755e-09,"15.7313416006715",15.7313415971829
"X7396","545","1","545",9.41076161222059e-10,1.27571842894186e-09,"15.7313416006715",15.7313416016126
"X9595","546","1","546",1.65425129258874e-09,1.29416236046449e-09,"15.7313416006715",15.7313416023258
"X9598","547","1","547",-2.3477562285782e-09,1.35047917096637e-09,"15.7313416006715",15.7313415983237
"X9997","548","1","548",-1.89351565475449e-09,1.36149296746998e-09,"15.7313416006715",15.731341598778
"X9782","549","1","549",-1.67259990488024e-09,1.34105435377841e-09,"15.7313416006715",15.7313415989989
"X9717","550","1","550",-1.89701545552732e-09,1.32756988792651e-09,"15.7313416006715",15.7313415987745
"X9808","551","1","551",4.13816359759786e-09,1.28593134869064e-09,"15.7313416006715",15.7313416048097
"X9568","552","1","552",-1.0707430042577e-09,1.34930160252518e-09,"15.7313416006715",15.7313415996008
"X7067","553","1","553",2.92267092592759e-10,1.29111958158485e-09,"15.7313416006715",15.7313416009638
"X9774","554","1","554",3.04913212638739e-09,1.30167025921703e-09,"15.7313416006715",15.7313416037206
"X9921","555","1","555",-3.37491297611364e-10,1.34037749894764e-09,"15.7313416006715",15.731341600334
"X9711","556","1","556",-7.48476937047276e-10,1.33098142371013e-09,"15.7313416006715",15.731341599923
"X8239","557","1","557",1.28976281885263e-09,1.34497733587099e-09,"15.7313416006715",15.7313416019613
"X9634","558","1","558",3.32193855902392e-09,1.42779080281012e-09,"15.7313416006715",15.7313416039934
"X9859","559","1","559",-4.99689251669166e-09,1.53563403654461e-09,"15.7313416006715",15.7313415956746
"X9908","560","1","560",-2.50383182091095e-09,1.31952209446455e-09,"15.7313416006715",15.7313415981677
"X9660","561","1","561",3.61143715107644e-09,1.29663339246938e-09,"15.7313416006715",15.7313416042829
"X9968","562","1","562",-3.98301403808604e-09,1.29930227996275e-09,"15.7313416006715",15.7313415966885
"X9576","563","1","563",-4.15627325702252e-10,1.42864992677893e-09,"15.7313416006715",15.7313416002559
"X9953","564","1","564",7.15534552811704e-10,1.25724779062755e-09,"15.7313416006715",15.731341601387
"X9529","565","1","565",2.20776095363323e-09,1.39216604891379e-09,"15.7313416006715",15.7313416028793
"X9546","566","1","566",-5.23841731620944e-09,1.5373604436685e-09,"15.7313416006715",15.7313415954331
"X5151","567","1","567",-3.62105706561752e-09,1.35865336325466e-09,"15.7313416006715",15.7313415970504
"X6424","568","1","568",3.98939857314141e-09,1.3204026405759e-09,"15.7313416006715",15.7313416046609
"X7106","569","1","569",-6.26023673751776e-09,1.37002185908079e-09,"15.7313416006715",15.7313415944113
"X9507","570","1","570",4.6310934091716e-09,1.29198870497843e-09,"15.7313416006715",15.7313416053026
"X9134","571","1","571",1.62033837759947e-09,1.32588816601128e-09,"15.7313416006715",15.7313416022918
"X9781","572","1","572",-4.2103880555609e-10,1.43284663016597e-09,"15.7313416006715",15.7313416002505
"X9952","573","1","573",-8.6096862585191e-10,1.35895112365208e-09,"15.7313416006715",15.7313415998105
"X9996","574","1","574",-9.05182648381722e-10,1.29733999703652e-09,"15.7313416006715",15.7313415997663
"X9821","575","1","575",7.32953001690539e-09,1.31034877486751e-09,"15.7313416006715",15.731341608001
"X9130","576","1","576",8.34113717072221e-10,1.280068725367e-09,"15.7313416006715",15.7313416015056
"X9928","577","1","577",-2.59356130178025e-09,1.32269129298335e-09,"15.7313416006715",15.7313415980779
"X9915","578","1","578",4.09586920196863e-09,1.30485564383158e-09,"15.7313416006715",15.7313416047674
"X9873","579","1","579",-3.51755890652731e-09,1.3204265665754e-09,"15.7313416006715",15.7313415971539
"X351","580","1","580",-1.02391334751198e-10,1.31222144797863e-09,"15.7313416006715",15.7313416005691
"X9405","581","1","581",-1.87750903772468e-09,1.41446413281203e-09,"15.7313416006715",15.731341598794
"X7350","582","1","582",-6.42685009057669e-10,1.28886057554259e-09,"15.7313416006715",15.7313416000288
"X9632","583","1","583",-2.055551701375e-09,1.30512953091977e-09,"15.7313416006715",15.7313415986159
"X9929","584","1","584",7.23311527776951e-11,1.34810768622517e-09,"15.7313416006715",15.7313416007438
"X7033","585","1","585",1.19254116870831e-09,1.28855922353098e-09,"15.7313416006715",15.731341601864
"X7119","586","1","586",-7.10593084020552e-10,1.33974373839523e-09,"15.7313416006715",15.7313415999609
"X9835","587","1","587",-8.23935969588514e-09,1.52882590534531e-09,"15.7313416006715",15.7313415924321
"X9943","588","1","588",-3.66903985665905e-10,1.30480413840759e-09,"15.7313416006715",15.7313416003046
"X6973","589","1","589",4.97095125163909e-10,1.2366843649713e-09,"15.7313416006715",15.7313416011686
"X9911","590","1","590",-1.27742460307372e-09,1.27971079165891e-09,"15.7313416006715",15.7313415993941
"X6201","591","1","591",4.37576415174995e-10,1.24357962780886e-09,"15.7313416006715",15.7313416011091
"X9620","592","1","592",-9.23222648245694e-10,1.25737178083684e-09,"15.7313416006715",15.7313415997483
"X8378","593","1","593",2.1543781151777e-09,1.25027281255111e-09,"15.7313416006715",15.7313416028259
"X5236","594","1","594",-3.96440441967373e-09,1.29478976226702e-09,"15.7313416006715",15.7313415967071
"X9125","595","1","595",6.75123355084711e-09,1.28765710417465e-09,"15.7313416006715",15.7313416074227
"X9938","596","1","596",6.49174759096968e-09,1.31944822319918e-09,"15.7313416006715",15.7313416071632
"X9128","597","1","597",2.49117774391567e-09,1.26635347202497e-09,"15.7313416006715",15.7313416031627
"X10022","598","1","598",-5.8444276208296e-09,1.26404155694784e-09,"15.7313416006715",15.7313415948271
"X9523","599","1","599",-3.38016336513073e-09,1.27717768258104e-09,"15.7313416006715",15.7313415972913
"X9515","600","1","600",-8.09679660598727e-10,1.24084995145402e-09,"15.7313416006715",15.7313415998618
"X9545","601","1","601",1.05034357802351e-09,1.31535403716825e-09,"15.7313416006715",15.7313416017218
"X9599","602","1","602",-4.28775788868762e-09,1.32016641252279e-09,"15.7313416006715",15.7313415963837
"X9540","603","1","603",5.75705669808693e-09,1.29751523747389e-09,"15.7313416006715",15.7313416064286
"X9703","604","1","604",-2.15831100681062e-09,1.36520491842813e-09,"15.7313416006715",15.7313415985132
"X9811","605","1","605",4.60217869657934e-09,1.27925363587878e-09,"15.7313416006715",15.7313416052737
"X9679","606","1","606",-1.61097517110879e-09,1.42296099099518e-09,"15.7313416006715",15.7313415990605
"X6970","607","1","607",-3.8691312716742e-09,1.29954074357129e-09,"15.7313416006715",15.7313415968024
"X9982","608","1","608",-6.24420781930133e-09,1.53540930494994e-09,"15.7313416006715",15.7313415944273
"X9745","609","1","609",-1.43812637627236e-09,1.2705313354767e-09,"15.7313416006715",15.7313415992334
"X1741","610","1","610",-2.35573303914567e-09,1.29896104391761e-09,"15.7313416006715",15.7313415983158
"X5279","611","1","611",-6.66215324824792e-09,1.53419507079212e-09,"15.7313416006715",15.7313415940093
"X6907","612","1","612",7.17413485899897e-10,1.36243374157883e-09,"15.7313416006715",15.7313416013889
"X9537","613","1","613",8.25555107079457e-09,1.25534592673348e-09,"15.7313416006715",15.7313416089271
"X9131","614","1","614",-1.2006417496883e-09,1.42861213285789e-09,"15.7313416006715",15.7313415994709
"X9113","615","1","615",-1.70039347622468e-09,1.350539357183e-09,"15.7313416006715",15.7313415989711
"X9890","616","1","616",-2.97047149962873e-09,1.36243970652633e-09,"15.7313416006715",15.731341597701
"X9577","617","1","617",-3.05147133549665e-09,1.38528649942624e-09,"15.7313416006715",15.73134159762
"X1829","618","1","618",-2.43108884893572e-09,1.37781161283896e-09,"15.7313416006715",15.7313415982404
"X9582","619","1","619",-3.6368667612954e-09,1.34226703597733e-09,"15.7313416006715",15.7313415970346
"X9699","620","1","620",-3.47714547352541e-09,1.35598111326856e-09,"15.7313416006715",15.7313415971944
"X9777","621","1","621",-3.02716722351747e-09,1.30533769732866e-09,"15.7313416006715",15.7313415976443
"X5718","622","1","622",-1.93912806410573e-09,1.21482584148872e-09,"15.7313416006715",15.7313415987324
"X9817","623","1","623",-1.06163795160334e-09,1.21980322233312e-09,"15.7313416006715",15.7313415996099
"X7296","624","1","624",-1.63247882880648e-09,1.23384824013025e-09,"15.7313416006715",15.731341599039
"X9678","625","1","625",-1.0379336707105e-09,1.25233074161752e-09,"15.7313416006715",15.7313415996336
"X6008","626","1","626",2.32111875875411e-10,1.22775290760721e-09,"15.7313416006715",15.7313416009036
"X5993","627","1","627",-7.7465464495341e-10,1.23574089224395e-09,"15.7313416006715",15.7313415998968
"X6960","628","1","628",1.36115847378628e-09,1.22317137837132e-09,"15.7313416006715",15.7313416020327
"X8297","629","1","629",1.8646923894187e-09,1.19341715369094e-09,"15.7313416006715",15.7313416025362
"X8366","630","1","630",1.84894630945833e-09,1.26369175094333e-09,"15.7313416006715",15.7313416025204
"X5772","631","1","631",4.08945159792015e-09,1.29431886356427e-09,"15.7313416006715",15.731341604761
"X6099","632","1","632",3.39754897891048e-09,1.22885088704578e-09,"15.7313416006715",15.731341604069
"X9980","633","1","633",2.31617667687491e-09,1.27935833870113e-09,"15.7313416006715",15.7313416029877
"X5893","634","1","634",-1.70818419492713e-09,1.21542679450521e-09,"15.7313416006715",15.7313415989633
"X506","635","1","635",-6.82564894446175e-10,1.23279390711394e-09,"15.7313416006715",15.7313415999889
"X9840","636","1","636",1.77413101318663e-09,1.23542361610594e-09,"15.7313416006715",15.7313416024456
"X9085","637","1","637",3.70184364198572e-09,1.23042040165978e-09,"15.7313416006715",15.7313416043733
"X6296","638","1","638",1.36822776035401e-09,1.2284832364161e-09,"15.7313416006715",15.7313416020397
"X9709","639","1","639",1.57752181763108e-09,1.24085431073774e-09,"15.7313416006715",15.731341602249
"X9788","640","1","640",-1.62680918390424e-09,1.21425838989588e-09,"15.7313416006715",15.7313415990447
"X10001","641","1","641",-1.92770885880397e-09,1.28643512493315e-09,"15.7313416006715",15.7313415987438
"X9973","642","1","642",2.98920685152945e-09,1.25266924196123e-09,"15.7313416006715",15.7313416036607
"X9542","643","1","643",1.12961429465486e-09,1.26051166391468e-09,"15.7313416006715",15.7313416018011
"X6709","644","1","644",-1.86998319331223e-09,1.28307336450261e-09,"15.7313416006715",15.7313415988015
"X7028","645","1","645",2.06376503362144e-10,1.25680513757107e-09,"15.7313416006715",15.7313416008779
"X5768","646","1","646",1.72263685899878e-09,1.25555246722262e-09,"15.7313416006715",15.7313416023941
"X6194","647","1","647",1.58978951482073e-09,1.26955427690437e-09,"15.7313416006715",15.7313416022613
"X801","648","1","648",1.84924214305758e-09,1.28027562318082e-09,"15.7313416006715",15.7313416025207
"X9388","649","1","649",2.67820846833247e-09,1.25386419652167e-09,"15.7313416006715",15.7313416033497
"X9543","650","1","650",2.93356524173179e-09,1.27756031744622e-09,"15.7313416006715",15.7313416036051
"X9585","651","1","651",-2.34236700064989e-09,1.25976043081346e-09,"15.7313416006715",15.7313415983291
"X10018","652","1","652",9.02002786567342e-10,1.25306681102068e-09,"15.7313416006715",15.7313416015735
"X9115","653","1","653",1.29359287413643e-09,1.39327789946956e-09,"15.7313416006715",15.7313416019651
"X9084","654","1","654",1.32532683123317e-09,1.39449791722596e-09,"15.7313416006715",15.7313416019968
"X9628","655","1","655",3.92946645560142e-10,1.38967797216234e-09,"15.7313416006715",15.7313416010644
"X8343","656","1","656",-6.50425657655613e-09,1.32200049386655e-09,"15.7313416006715",15.7313415941672
"X6174","657","1","657",-1.78195580098011e-09,1.27528588795442e-09,"15.7313416006715",15.7313415988895
"X9801","658","1","658",-1.73790404379417e-09,1.26475996547404e-09,"15.7313416006715",15.7313415989336
"X8386","659","1","659",-8.6880536710922e-10,1.26843175396083e-09,"15.7313416006715",15.7313415998027
"X9739","660","1","660",-1.26146621411081e-09,1.38930405559016e-09,"15.7313416006715",15.73134159941
"X9636","661","1","661",-1.00185943167923e-09,1.20668349426545e-09,"15.7313416006715",15.7313415996696
"X7515","662","1","662",-3.68643687414656e-10,1.22115337149285e-09,"15.7313416006715",15.7313416003029
"X9783","663","1","663",3.19661235123434e-09,1.25301436538272e-09,"15.7313416006715",15.7313416038681
"X9567","664","1","664",1.39139684451568e-09,1.28118545450372e-09,"15.7313416006715",15.7313416020629
"X2017","665","1","665",2.25495774436269e-10,1.33932443001571e-09,"15.7313416006715",15.731341600897
"X9550","666","1","666",1.66232942532527e-09,1.26546205010414e-09,"15.7313416006715",15.7313416023338
"X9839","667","1","667",5.43530273480218e-09,1.2804226115767e-09,"15.7313416006715",15.7313416061068
"X5748","668","1","668",3.64048861372114e-09,1.29392072393494e-09,"15.7313416006715",15.731341604312
"X10015","669","1","669",7.66973044282202e-10,1.29417904480293e-09,"15.7313416006715",15.7313416014385
"X9880","670","1","670",1.55922848100365e-09,1.31011026204072e-09,"15.7313416006715",15.7313416022307
"X9897","671","1","671",5.93759474801965e-10,1.25870887479276e-09,"15.7313416006715",15.7313416012653
"X9809","672","1","672",-7.14911546392811e-10,1.25224665738723e-09,"15.7313416006715",15.7313415999566
"X9106","673","1","673",6.38668229953367e-09,1.32802389225896e-09,"15.7313416006715",15.7313416070582
"X6680","674","1","674",6.94386824636459e-09,1.2947118657803e-09,"15.7313416006715",15.7313416076154
"X9898","675","1","675",-6.37990168774815e-10,1.29896611001626e-09,"15.7313416006715",15.7313416000335
"X8236","676","1","676",-1.64182093218028e-09,1.40854831976164e-09,"15.7313416006715",15.7313415990297
"X6133","677","1","677",3.86237822729251e-09,1.30277121968488e-09,"15.7313416006715",15.7313416045339
"X10010","678","1","678",1.43072460306135e-09,1.27732138019211e-09,"15.7313416006715",15.7313416021022
"X9757","679","1","679",1.96320132757311e-09,1.2875617056797e-09,"15.7313416006715",15.7313416026347
"X9701","680","1","680",2.60463640194125e-09,1.28521796249785e-09,"15.7313416006715",15.7313416032761
"X9651","681","1","681",9.31119528467523e-10,1.28021123291548e-09,"15.7313416006715",15.7313416016026
